1678
1677
1678
1678
1678
1678
1679
1680
1679
1678
1679
1679
1678
1677
1675
1674
1672
1672
1668
1665
1665
1660
1658
1658
1652
1650
1648
1647
1644
1642
1640
1652
1636
1635
1635
1633
1634
1634
1634
1636
1639
1654
1648
1650
1649
1650
1659
1658
1668
1670
1672
1677
1683
1684
1693
1689
1694
1695
1698
1700
1702
1704
1708
1707
1716
1710
1714
1713
1713
1713
1713
1713
1713
1713
1713
1714
1713
1714
1713
1720
1714
1714
1752
1713
1713
1714
1716
1714
1713
1720
1714
1715
1717
1731
1716
1715
1715
1717
1715
1716
1716
1717
1716
1717
1718
1717
1717
1717
1717
1719
1715
1715
1714
1714
1714
1713
1743
1711
1710
1709
1708
1707
1713
1707
1707
1705
1706
1704
1703
1710
1703
1702
1702
1702
1702
1701
1700
1699
1700
1699
1698
1695
1695
1701
1693
1692
1691
1691
1689
1688
1687
1687
1690
1687
1687
1693
1687
1687
1686
1693
1688
1686
1687
1706
1688
1688
1687
1692
1688
1689
1688
1691
1689
1689
1689
1689
1691
1690
1691
1691
1691
1692
1692
1692
1692
1692
1693
1693
1693
1693
1693
1693
1692
1693
1693
1692
1692
1692
1692
1692
1693
1692
1693
1693
1694
1695
1694
1694
1695
1695
1696
1696
1697
1697
1697
1699
1699
1698
1699
1698
1699
1699
1698
1699
1701
1699
1700
1701
1701
1703
1731
1703
1706
1704
1704
1705
1706
1706
1707
1708
1708
1709
1710
1710
1711
1711
1713
1713
1713
1714
1715
1715
1715
1715
1716
1755
1717
1718
1717
1718
1718
1719
1718
1720
1725
1719
1718
1718
1726
1718
1718
1718
1718
1717
1716
1715
1714
1714
1713
1711
1709
1709
1708
1708
1706
1705
1704
1702
1702
1703
1699
1709
1696
1696
1695
1695
1693
1698
1691
1690
1690
1690
1690
1690
1690
1690
1691
1690
1692
1690
1695
1689
1688
1688
1688
1688
1688
1688
1688
1687
1687
1688
1687
1687
1689
1689
1689
1690
1691
1692
1692
1692
1695
1696
1697
1700
1701
1704
1706
1706
1708
1708
1710
1710
1711
1714
1720
1715
1715
1719
1718
1718
1717
1717
1717
1717
1716
1715
1715
1713
1714
1713
1711
1709
1709
1713
1707
1705
1706
1709
1703
1702
1706
1699
1699
1704
1696
1696
1693
1692
1691
1689
1687
1686
1685
1686
1687
1682
1681
1679
1680
1680
1677
1676
1675
1674
1676
1673
1678
1672
1671
1671
1670
1670
1669
1669
1667
1668
1669
1669
1665
1666
1665
1664
1665
1665
1662
1663
1663
1664
1665
1665
1667
1670
1674
1670
1674
1673
1675
1679
1681
1684
1687
1690
1694
1697
1700
1702
1706
1713
1714
1716
1720
1721
1725
1726
1729
1733
1734
1737
1738
1742
1744
1749
1750
1757
1758
1759
1761
1764
1766
1767
1770
1773
1774
1774
1786
1775
1776
1775
1777
1782
1778
1779
1780
1783
1783
1780
1781
1786
1781
1782
1781
1781
1776
1778
1777
1773
1775
1769
1771
1771
1767
1768
1763
1765
1763
1761
1759
1760
1757
1761
1756
1754
1754
1755
1753
1751
1751
1752
1749
1754
1748
1750
1748
1747
1749
1747
1747
1761
1746
1745
1744
1744
1741
1739
1738
1735
1734
1731
1729
1726
1725
1722
1719
1719
1717
1715
1715
1713
1712
1710
1711
1710
1709
1711
1709
1711
1709
1707
1705
1705
1705
1705
1703
1702
1703
1702
1710
1704
1700
1698
1702
1698
1696
1697
1695
1693
1693
1694
1692
1696
1696
1693
1690
1689
1689
1693
1688
1687
1686
1686
1687
1686
1685
1685
1687
1685
1689
1685
1684
1682
1683
1685
1682
1681
1682
1682
1683
1682
1684
1686
1689
1688
1691
1689
1690
1691
1696
1696
1697
1697
1703
1700
1703
1704
1704
1705
1711
1712
1707
1707
1713
1709
1709
1707
1711
1706
1705
1705
1702
1700
1700
1696
1694
1693
1694
1697
1683
1682
1680
1673
1668
1675
1661
1657
1653
1651
1651
1646
1644
1643
1640
1640
1678
1689
1656
1637
1635
1636
1638
1642
1641
1646
1649
1654
1653
1655
1659
1664
1666
1665
1671
1671
1672
1674
1680
1682
1679
1681
1687
1685
1690
1688
1691
1703
1697
1699
1700
1702
1703
1705
1703
1708
1706
1717
1712
1713
1714
1716
1713
1714
1718
1714
1718
1719
1719
1717
1718
1714
1718
1718
1718
1714
1719
1718
1715
1717
1717
1712
1715
1714
1709
1712
1711
1707
1705
1708
1707
1705
1704
1704
1700
1708
1698
1702
1700
1699
1699
1697
1736
1743
1735
1711
1689
1690
1691
1690
1685
1681
1680
1677
1679
1672
1670
1666
1664
1665
1657
1654
1656
1648
1651
1643
1641
1643
1640
1635
1633
1636
1635
1635
1631
1632
1670
1632
1631
1635
1634
1636
1636
1642
1636
1635
1639
1640
1641
1642
1644
1648
1649
1652
1655
1658
1659
1661
1666
1667
1673
1675
1675
1682
1685
1686
1687
1693
1696
1697
1700
1703
1706
1703
1705
1711
1712
1711
1712
1716
1718
1718
1719
1720
1721
1722
1722
1719
1730
1724
1725
1725
1725
1722
1726
1727
1727
1724
1728
1729
1728
1729
1730
1730
1731
1730
1731
1731
1729
1731
1731
1731
1732
1731
1730
1728
1731
1730
1730
1731
1730
1730
1765
1791
1798
1769
1731
1732
1732
1731
1731
1731
1731
1733
1733
1728
1728
1727
1727
1731
1726
1725
1724
1724
1723
1723
1724
1722
1722
1722
1722
1721
1720
1759
1719
1750
1718
1718
1718
1718
1718
1717
1717
1716
1716
1715
1712
1713
1711
1709
1706
1707
1705
1702
1701
1700
1698
1695
1694
1692
1690
1689
1688
1693
1691
1686
1687
1688
1686
1687
1689
1688
1688
1688
1694
1691
1692
1693
1699
1695
1697
1702
1700
1701
1703
1703
1705
1705
1706
1704
1706
1707
1708
1708
1707
1710
1707
1707
1706
1707
1706
1705
1705
1705
1706
1704
1705
1704
1704
1706
1707
1705
1705
1705
1707
1704
1704
1705
1708
1711
1710
1707
1706
1707
1707
1706
1711
1706
1708
1704
1704
1704
1703
1704
1702
1703
1702
1702
1700
1700
1699
1699
