1778
1789
1763
1764
1777
1763
1762
1763
1786
1762
1775
1762
1776
1787
1761
1775
1761
1800
1774
1759
1774
1784
1783
1771
1757
1770
1782
1761
1754
1786
1767
1785
1765
1764
1763
1748
1779
1771
1784
1744
1769
1756
1781
1755
1754
1753
1752
1765
1738
1763
1752
1763
1770
1776
1737
1737
1737
1761
1751
1750
1761
1762
1762
1761
1761
1760
1734
1749
1748
1758
1748
1747
1757
1756
1746
1769
1777
1770
1749
1753
1751
1739
1763
1737
1737
1736
1746
1734
1758
1732
1749
1715
1740
1726
1738
1736
1725
1709
1735
1733
1721
1752
1728
1719
1708
1704
1703
1728
1727
1727
1700
1700
1725
1699
1713
1736
1722
1712
1737
1737
1721
1710
1720
1719
1719
1708
1718
1692
1718
1716
1693
1703
1688
1687
1711
1700
1699
1709
1717
1708
1706
1706
1707
1706
1681
1706
1736
1705
1679
1680
1701
1704
1678
1703
1690
1700
1706
1694
1673
1689
1676
1694
1684
1686
1722
1718
1710
1698
1707
1719
1708
1734
1752
1727
1712
1729
1712
1737
1711
1711
1725
1736
1710
1736
1710
1710
1735
1734
1708
1708
1721
1721
1733
1722
1710
1711
1727
1715
1719
1722
1724
1752
1755
1760
1739
1757
1761
1795
1810
1778
1768
1780
1782
1772
1772
1758
1771
1802
1768
1757
1750
1747
1770
1768
1755
1751
1749
1757
1729
1749
1748
1730
1713
1707
1702
1697
1706
1711
1696
1705
1690
1670
1667
1677
1682
1670
1654
1671
1660
1654
1649
1646
1642
1626
1621
1617
1627
1623
1620
1602
1613
1612
1619
1606
1630
1601
1599
1583
1604
1600
1574
1585
1616
1606
1581
1589
1593
1600
1594
1570
1595
1611
1597
1597
1586
1585
1585
1585
1587
1601
1592
1626
1609
1601
1604
1604
1610
1600
1603
1620
1623
1615
1618
1625
1640
1644
1664
1661
1638
1661
1687
1666
1644
1657
1659
1649
1664
1667
1671
1674
1678
1683
1674
1701
1738
1711
1716
1708
1698
1716
1737
1732
1726
1730
1759
1736
1738
1727
1743
1745
1747
1760
1753
1744
1770
1763
1775
1760
1760
1777
1791
1794
1788
1781
1782
1796
1825
1791
1818
1822
1802
1805
1809
1825
1817
1833
1836
1840
1831
1848
1851
1856
1847
1850
1867
1857
1873
1864
1868
1885
1888
1891
1882
1887
1911
1905
1907
1911
1907
1904
1908
1911
1927
1930
1966
1951
1927
1943
1947
1949
1952
1954
1956
1959
1970
1954
1967
1956
1972
2007
1987
2020
1993
2025
1985
1989
1990
1980
1983
1988
2002
2006
2019
1999
2014
2005
2013
2025
2017
2017
2031
2018
2018
2018
2017
2028
2027
2011
2022
2005
2002
2011
2009
2005
2001
1986
1994
2003
1989
1973
1983
1980
1973
1973
2002
1966
1951
1978
1957
1941
1937
1934
1931
1929
1925
1916
1911
1906
1901
1910
1891
1884
1891
1886
1869
1866
1864
1857
1854
1847
1842
1847
1830
1834
1820
1811
1808
1802
1798
1795
1803
1788
1795
1802
1776
1786
1772
1780
1765
1764
1771
1768
1763
1761
1758
1756
1745
1745
1752
1736
1749
1747
1738
1747
1785
1754
1729
1743
1728
1741
1726
1725
1738
1736
1734
1725
1732
1731
1717
1716
1729
1728
1714
1727
1718
1713
1736
1757
1793
1764
1736
1711
1724
1735
1716
1736
1725
1725
1726
1713
1713
1717
1717
1727
1718
1713
1739
1715
1739
1729
1721
1717
1717
1722
1718
1733
1745
1719
1725
1721
1735
1722
1723
1748
1729
1729
1750
1764
1732
1732
1741
1742
1770
1756
1754
1754
1735
1730
1730
1730
1745
1736
1736
1731
1730
1754
1735
1729
1752
1729
1742
1728
1741
1732
1741
1752
1728
1733
1741
1753
1733
1743
1734
1734
1730
1735
1735
1730
1731
1735
1745
1736
1736
1746
1757
1738
1739
1739
1735
1741
1750
1742
1742
1743
1776
1753
1745
1765
1755
1746
1754
1741
1741
1766
1766
1745
1740
1765
1744
1753
1743
1742
1737
1737
1749
1747
1747
1737
1731
1731
1734
1729
1728
1733
1741
1740
1725
1739
1738
1728
1728
1721
1725
1723
1731
1718
1731
1731
1731
1723
1738
1755
1731
1764
1731
1722
1723
1718
1731
1722
1722
1723
1730
1730
1717
1717
1722
1723
1724
1732
1733
1726
1734
1734
1725
1735
1725
1726
1721
1725
1724
1732
1733
1733
1723
1723
1717
1722
1716
1730
1730
1731
1731
1732
1733
1726
1721
1723
1738
1739
1740
1728
1729
1743
1732
1747
1747
1735
1742
1738
1738
1744
1755
1755
1746
1747
1757
1743
1748
1743
1744
1744
1749
1770
1744
1749
1769
1769
1743
1757
1743
1742
1756
1741
1740
1739
1738
1752
1751
1737
1736
1735
1734
1739
1738
1746
1730
1743
1729
1727
1741
1740
1730
1724
1723
1736
1722
1721
1735
1721
1725
1720
1725
1726
1735
1736
1737
1724
1730
1732
1728
1729
1730
1744
1735
1745
1730
1756
1788
1752
1727
1740
1730
1737
1736
1722
1721
1734
1744
1724
1718
1723
1718
1718
1718
1717
1718
1732
1745
1731
1758
1744
1716
1726
1745
1721
1730
1731
1731
1731
1720
1728
1727
1737
1738
1730
1732
1727
1742
1739
1740
1734
1732
1723
1735
1725
1725
1733
1734
1721
1728
1730
1738
1732
1739
1733
1725
1732
1731
1730
1727
1733
1731
1730
1730
1720
1730
1731
1717
1723
1719
1720
1721
1722
1722
1729
1725
1724
1752
1738
1729
1728
1724
1723
1723
1726
1729
1720
1726
1718
1718
1725
1722
1730
1722
1731
1724
1724
1721
1729
1723
1728
1729
1732
1740
1730
1737
1733
1738
1740
1741
1743
1747
1748
1750
1752
1753
1758
1762
1765
1767
1772
1774
1775
1777
1795
1785
1791
1800
1801
1811
1809
1812
1813
1816
1818
1819
1822
1820
1819
1827
1818
1815
1817
1813
1816
1824
1815
1811
1809
1811
1808
1811
1807
1807
1810
1814
1811
1807
1813
1813
1819
1818
1823
1823
1827
1823
1833
1834
1836
1838
1843
1842
1843
1844
1845
1851
1848
1852
1850
1852
1852
1856
1855
1862
1850
1857
1850
1850
1856
