1856
1855
1851
1851
1849
1854
1846
1850
1843
1835
1839
1833
1833
1837
1842
1843
1838
1839
1843
1848
1858
1857
1863
1864
1869
1864
1879
1871
1876
1874
1865
1867
1857
1844
1843
1836
1831
1820
1816
1814
1804
1796
1789
1782
1778
1786
1773
1769
1774
1767
1769
1761
1782
1770
1758
1765
1752
1762
1756
1748
1747
1749
1747
1751
1756
1743
1750
1743
1743
1741
1740
1744
1747
1742
1748
1747
1750
1748
1751
1753
1754
1752
1753
1752
1745
1750
1744
1750
1754
1754
1742
1747
1740
1740
1741
1741
1746
1743
1746
1758
1755
1752
1765
1759
1769
1759
1773
1768
1764
1773
1773
1776
1778
1784
1781
1792
1787
1797
1801
1808
1813
1820
1816
1820
1827
1829
1828
1836
1843
1850
1844
1852
1862
1865
1872
1876
1870
1884
1878
1893
1889
1902
1905
1911
1912
1908
1923
1928
1929
1931
1930
1930
1933
1937
1946
1952
1957
1959
1966
1967
1966
1968
1979
1978
1986
1986
1983
1995
1998
1992
1997
2007
1999
2011
2011
2006
2018
2019
2016
2012
2024
2025
2029
2027
2021
2023
2030
2033
2032
2028
2037
2038
2037
2030
2031
2035
2037
2042
2045
2047
2048
2046
2037
2042
2036
2044
2044
2032
2038
2036
2036
2026
2034
2030
2026
2026
2023
2019
2010
2018
2010
2001
1999
2006
2001
1993
1991
1998
1998
1997
1995
1990
1987
1989
1988
1989
1992
1986
1984
1984
1975
1978
1981
1976
1972
1970
1971
1971
1964
1963
1961
1958
1957
1953
1953
1948
1946
1941
1938
1933
1929
1920
1917
1922
1914
1909
1901
1892
1889
1888
1874
1870
1861
1855
1851
1852
1839
1834
1819
1818
1813
1806
1803
1795
1792
1790
1784
1778
1771
1771
1766
1761
1760
1753
1748
1747
1739
1728
1729
1733
1723
1714
1717
1715
1713
1699
1702
1700
1698
1696
1694
1693
1690
1688
1684
1676
1681
1680
1678
1677
1675
1675
1673
1672
1673
1673
1673
1674
1676
1676
1679
1679
1681
1675
1686
1692
1691
1694
1696
1696
1698
1699
1702
1700
1702
1705
1703
1704
1703
1705
1705
1695
1703
1704
1701
1702
1702
1701
1701
1702
1701
1700
1701
1698
1704
1698
1697
1696
1695
1695
1692
1693
1691
1688
1689
1691
1687
1684
1684
1684
1681
1680
1678
1680
1677
1676
1675
1672
1672
1670
1667
1668
1666
1664
1663
1662
1661
1662
1659
1660
1659
1664
1662
1659
1663
1657
1659
1657
1657
1660
1659
1665
1662
1662
1668
1666
1668
1670
1673
1679
1677
1680
1684
1685
1684
1686
1687
1689
1691
1691
1694
1694
1695
1697
1698
1692
1700
1703
1705
1706
1710
1711
1713
1716
1719
1720
1722
1727
1727
1732
1733
1735
1738
1740
1741
1742
1745
1745
1747
1750
1750
1754
1756
1757
1759
1764
1769
1770
1779
1782
1787
1792
1798
1808
1811
1819
1821
1826
1825
1830
1831
1830
1833
1832
1833
1833
1834
1834
1833
1832
1833
1833
1833
1835
1834
1834
1835
1834
1835
1835
1834
1834
1833
1834
1832
1831
1829
1829
1824
1822
1818
1816
1810
1806
1801
1797
1797
1790
1786
1782
1780
1775
1774
1770
1769
1765
1762
1761
1757
1753
1752
1747
1748
1741
1740
1736
1733
1732
1728
1727
1724
1722
1724
1722
1722
1721
1721
1719
1721
1721
1722
1724
1722
1725
1727
1726
1726
1729
1728
1728
1729
1730
1728
1730
1729
1731
1733
1730
1731
1730
1732
1729
1730
1730
1729
1729
1729
1730
1728
1728
1727
1726
1724
1724
1725
1722
1724
1723
1723
1724
1725
1729
1729
1734
1741
1743
1750
1755
1761
1767
1771
1777
1780
1784
1786
1787
1784
1787
1788
1783
1776
1776
1773
1770
1765
1764
1754
1761
1758
1757
1755
1752
1748
1746
1741
1740
1737
1735
1731
1731
1728
1726
1726
1725
1727
1726
1728
1726
1729
1730
1737
1733
1733
1723
1734
1735
1735
1732
1733
1734
1730
1730
1735
1736
1737
1735
1737
1739
1739
1740
1737
1738
1737
1734
1734
1734
1731
1730
1729
1729
1730
1727
1727
1724
1725
1725
1720
1722
1721
1721
1718
1718
1716
1714
1710
1709
1706
1702
1701
1696
1694
1690
1688
1685
1684
1684
1681
1678
1672
1670
1668
1664
1662
1661
1661
1660
1658
1658
1658
1658
1657
1654
1657
1653
1651
1649
1648
1644
1646
1646
1648
1648
1651
1654
1658
1662
1668
1666
1673
1677
1687
1692
1695
1700
1706
1709
1715
1721
1723
1728
1732
1735
1737
1735
1741
1748
1751
1754
1756
1762
1765
1767
1768
1771
1774
1776
1776
1776
1778
1778
1777
1779
1783
1782
1784
1784
1789
1793
1794
1796
1799
1804
1805
1812
1817
1821
1827
1829
1835
1839
1840
1841
1842
1840
1842
1837
1831
1829
1822
1832
1810
1805
1803
1795
1791
1791
1778
1780
1777
1772
1771
1768
1766
1763
1757
1755
1752
1745
1745
1738
1738
1731
1728
1721
1718
1714
1710
1700
1699
1692
1685
1683
1679
1669
1668
1666
1665
1656
1655
1650
1645
1645
1639
1640
1633
1631
1626
1626
1621
1624
1620
1619
1617
1611
1614
1608
1607
1606
1607
1605
1603
1598
1598
1596
1593
1596
1586
1586
1580
1572
1575
1572
1569
1567
1562
1566
1557
1559
1556
1559
1555
1556
1556
1560
1559
1562
1561
1561
1566
1567
1570
1575
1581
1581
1588
1593
1593
1602
1603
1605
1611
1611
1615
1614
1620
1627
1626
1630
1634
1639
1641
1645
1648
1648
1656
1665
1662
1667
1677
1675
1682
1690
1693
1698
1699
1702
1706
1711
1713
1717
1718
1720
1719
1723
1720
1721
1722
1723
1724
1722
1726
1726
1722
1727
1728
1720
1727
1726
1725
1729
1727
1729
1722
1724
1724
1722
1726
1722
1719
1718
1717
1716
1716
1715
1712
1711
1709
1706
1701
1704
1701
1699
1700
1697
1696
1695
1695
1695
1692
1693
1692
1689
1695
1691
1690
1690
1689
1687
1691
1682
1681
1680
1680
1680
1682
1680
1678
1678
1679
1677
1677
1679
1678
1678
1680
1680
1677
1683
1680
1683
