1737
1732
1732
1732
1731
1731
1740
1729
1738
1727
1737
1736
1730
1726
1726
1728
1729
1730
1733
1734
1747
1738
1750
1763
1744
1746
1748
1750
1751
1752
1755
1757
1758
1759
1773
1761
1762
1763
1764
1765
1765
1766
1766
1767
1767
1768
1768
1768
1770
1770
1771
1771
1772
1772
1773
1773
1773
1784
1775
1775
1776
1780
1777
1777
1786
1776
1776
1776
1774
1775
1773
1772
1775
1771
1770
1770
1768
1768
1768
1767
1766
1765
1765
1763
1763
1772
1764
1761
1760
1769
1759
1758
1758
1757
1756
1755
1755
1757
1754
1752
1752
1761
1750
1753
1765
1755
1749
1745
1742
1740
1737
1739
1735
1730
1735
1726
1720
1716
1714
1723
1718
1705
1710
1698
1695
1692
1690
1686
1686
1680
1678
1684
1671
1671
1665
1664
1694
1657
1652
1663
1652
1645
1642
1639
1640
1633
1630
1630
1625
1631
1618
1617
1611
1619
1604
1609
1598
1602
1589
1588
1582
1579
1576
1573
1569
1568
1562
1567
1556
1553
1550
1548
1547
1546
1554
1553
1544
1544
1544
1544
1546
1547
1548
1553
1563
1557
1565
1566
1569
1576
1589
1590
1598
1608
1601
1616
1628
1631
1624
1628
1636
1642
1656
1651
1660
1672
1680
1677
1679
1697
1700
1696
1697
1702
1706
1710
1713
1716
1728
1720
1732
1734
1734
1736
1726
1728
1728
1729
1730
1731
1732
1732
1737
1734
1735
1735
1734
1734
1732
1732
1732
1730
1733
1728
1765
1727
1724
1723
1722
1721
1719
1717
1725
1713
1712
1712
1718
1706
1715
1706
1702
1702
1699
1703
1697
1695
1694
1703
1691
1690
1688
1689
1691
1683
1683
1681
1680
1677
1681
1675
1673
1672
1672
1672
1683
1672
1672
1672
1673
1675
1674
1675
1677
1678
1680
1681
1688
1685
1686
1689
1691
1693
1695
1708
1700
1702
1704
1707
1709
1712
1714
1715
1717
1718
1724
1722
1723
1724
1726
1727
1739
1733
1730
1732
1733
1734
1735
1737
1737
1738
1737
1737
1736
1735
1744
1733
1732
1731
1730
1728
1738
1727
1727
1725
1724
1723
1723
1722
1721
1721
1730
1720
1719
1718
1718
1717
1717
1717
1716
1716
1715
1725
1715
1715
1714
1714
1724
1713
1731
1723
1713
1713
1724
1713
1712
1713
1712
1711
1712
1711
1710
1710
1709
1709
1708
1707
1706
1705
1704
1703
1701
1700
1698
1697
1695
1703
1692
1706
1688
1686
1692
1689
1682
1681
1679
1678
1707
1675
1675
1673
1672
1671
1670
1668
1666
1665
1664
1663
1662
1660
1669
1668
1666
1656
1655
1654
1654
1653
1653
1652
1652
1661
1650
1650
1651
1662
1653
1665
1664
1660
1663
1674
1668
1671
1674
1676
1695
1681
1683
1685
1687
1690
1692
1695
1697
1700
1712
1705
1710
1712
1716
1718
1721
1724
1728
1730
1732
1745
1734
1736
1736
1737
1740
1738
1738
1747
1737
1735
1735
1744
1732
1743
1730
1729
1727
1725
1724
1728
1720
1737
1716
1714
1711
1709
1707
1721
1701
1716
1697
1696
1693
1692
1689
1687
1697
1684
1683
1701
1698
1690
1677
1676
1675
1672
1672
1670
1669
1688
1667
1666
1666
1675
1664
1663
1662
1661
1660
1670
1660
1670
1662
1674
1667
1669
1684
1679
1702
1699
1693
1697
1703
1705
1708
1712
1732
1716
1730
1721
1725
1727
1730
1732
1734
1734
1746
1749
1737
1738
1738
1739
1739
1750
1750
1740
1740
1739
1739
1739
1738
1748
1736
1735
1747
1744
1733
1732
1731
1730
1729
1740
1728
1727
1726
1725
1725
1734
1723
1722
1721
1720
1720
1719
1719
1718
1728
1717
1716
1715
1715
1724
1713
1712
1712
1711
1711
1711
1710
1710
1720
1708
1708
1708
1706
1706
1705
1705
1704
1704
1702
1702
1698
1697
1695
1693
1690
1689
1698
1704
1683
1693
1680
1678
1677
1677
1677
1677
1678
1679
1679
1680
1681
1682
1683
1690
1684
1685
1685
1697
1686
1686
1686
1697
1686
1709
1687
1687
1698
1688
1700
1701
1690
1691
1691
1692
1693
1707
1695
1695
1707
1697
1698
1698
1699
1700
1701
1702
1714
1702
1723
1716
1703
1701
1702
1722
1703
1703
1703
1703
1704
1705
1705
1706
1706
1718
1707
1708
1709
1743
1710
1710
1709
1722
1708
1707
1707
1706
1705
1705
1703
1701
1714
1705
1697
1696
1695
1693
1692
1691
1689
1689
1688
1707
1686
1685
1684
1683
1683
1681
1680
1680
1678
1678
1676
1688
1674
1673
1684
1670
1669
1668
1667
1676
1675
1664
1666
1661
1672
1660
1660
1660
1661
1673
1682
1664
1664
1665
1666
1668
1669
1671
1685
1674
1674
1675
1675
1680
1677
1677
1679
1680
1680
1681
1682
1683
1697
1685
1686
1687
1689
1700
1690
1691
1692
1693
1694
1695
1706
1696
1709
1699
1700
1713
1713
1702
1703
1704
1705
1706
1707
1708
1710
1710
1710
1710
1709
1709
1709
1709
1709
1709
1709
1709
1709
1719
1708
1708
1708
1708
1708
1709
1721
1708
1708
1719
1707
1708
1707
1707
1707
1706
1706
1704
1714
1703
1702
1702
1702
1700
1700
1699
1699
1698
1699
1697
1697
1709
1697
1697
1697
1697
1697
1697
1697
1697
1697
1698
1699
1700
1701
1703
1704
1705
1707
1708
1710
1709
1711
1711
1714
1714
1726
1717
1715
1716
1716
1717
1717
1717
1720
1718
1718
1718
1718
1718
1718
1717
1716
1715
1716
1715
1714
1724
1712
1711
1722
1707
1706
1704
1702
1712
1699
1697
1695
1694
1692
1705
1690
1690
1696
1688
1688
1687
1687
1687
1699
1686
1688
1685
1684
1683
1684
1683
1682
1682
1682
1681
1681
1682
1681
1680
1679
1680
1679
1679
1679
1679
1679
1680
1680
1681
1681
1693
1682
1695
1695
1684
1684
1683
1684
1691
1685
1685
1698
1686
1687
1687
1687
1702
1689
1688
1689
1689
1689
1689
1689
1689
1694
1688
1688
1687
1686
1685
1685
1685
1684
1683
1683
1682
1681
1680
1680
1679
1678
1691
1677
1676
1676
1675
1676
1675
1688
1675
1675
1675
1675
1675
1675
1675
1674
1686
