1706
1702
1700
1697
1694
1692
1689
1687
1698
1681
1679
1684
1676
1673
1671
1675
1668
1678
1665
1663
1661
1660
1658
1656
1654
1652
1650
1648
1647
1646
1643
1641
1639
1638
1637
1636
1636
1655
1635
1634
1634
1634
1648
1634
1635
1635
1659
1639
1640
1641
1642
1644
1645
1647
1648
1649
1650
1651
1652
1654
1655
1657
1658
1659
1661
1663
1664
1666
1669
1671
1673
1674
1677
1680
1682
1685
1688
1689
1704
1716
1697
1700
1702
1704
1707
1709
1711
1714
1715
1716
1719
1721
1723
1725
1728
1730
1732
1734
1736
1739
1744
1745
1748
1751
1753
1777
1758
1762
1765
1768
1771
1774
1778
1781
1786
1786
1789
1793
1796
1798
1801
1804
1806
1827
1810
1811
1812
1812
1812
1811
1811
1808
1818
1804
1801
1798
1796
1792
1807
1786
1780
1776
1782
1800
1775
1755
1749
1746
1759
1741
1731
1726
1721
1728
1709
1706
1700
1694
1703
1683
1677
1673
1668
1660
1659
1650
1646
1641
1638
1633
1630
1625
1619
1635
1614
1610
1607
1603
1600
1608
1595
1594
1592
1591
1589
1589
1588
1600
1588
1610
1589
1591
1593
1612
1597
1622
1614
1606
1608
1612
1615
1619
1623
1626
1629
1646
1638
1639
1644
1645
1648
1663
1654
1655
1688
1660
1663
1664
1666
1669
1691
1673
1676
1688
1707
1683
1690
1687
1690
1692
1695
1698
1703
1704
1707
1710
1714
1716
1718
1720
1723
1725
1727
1730
1732
1734
1735
1737
1739
1741
1743
1745
1746
1776
1749
1750
1751
1771
1754
1755
1756
1757
1759
1759
1761
1762
1764
1764
1765
1766
1766
1767
1767
1768
1768
1768
1768
1767
1766
1764
1763
1762
1778
1757
1755
1752
1750
1748
1744
1743
1739
1736
1733
1730
1758
1725
1722
1720
1717
1747
1734
1710
1707
1706
1704
1701
1699
1719
1695
1694
1692
1690
1689
1688
1686
1685
1685
1684
1683
1682
1681
1681
1680
1680
1680
1680
1680
1680
1679
1679
1679
1679
1679
1681
1681
1682
1683
1684
1698
1687
1688
1691
1692
1694
1718
1699
1701
1703
1705
1707
1710
1712
1715
1716
1718
1720
1722
1723
1725
1726
1727
1728
1728
1728
1730
1729
1728
1728
1726
1725
1724
1722
1739
1720
1718
1717
1715
1716
1714
1713
1711
1710
1708
1707
1705
1704
1703
1736
1701
1700
1699
1698
1697
1696
1730
1694
1693
1692
1691
1712
1689
1689
1688
1687
1722
1686
1686
1685
1684
1683
1682
1716
1681
1681
1680
1719
1681
1681
1681
1682
1683
1684
1685
1687
1687
1688
1690
1690
1691
1692
1694
1695
1695
1697
1698
1700
1701
1703
1705
1720
1709
1712
1713
1714
1716
1717
1720
1721
1723
1724
1725
1726
1727
1728
1729
1730
1731
1732
1732
1733
1734
1734
1735
1736
1737
1738
1738
1751
1739
1739
1739
1739
1752
1739
1739
1739
1738
1738
1737
1737
1737
1736
1735
1734
1733
1733
1732
1731
1731
1730
1729
1728
1728
1727
1726
1725
1747
1724
1722
1721
1720
1718
1717
1715
1713
1712
1710
1708
1706
1703
1701
1699
1696
1693
1690
1687
1684
1682
1679
1676
1674
1671
1669
1666
1663
1661
1659
1657
1656
1654
1651
1650
1649
1649
1648
1647
1646
1645
1644
1643
1643
1643
1642
1642
1642
1642
1643
1643
1644
1644
1645
1646
1647
1648
1650
1651
1652
1653
1655
1657
1659
1660
1662
1663
1665
1667
1668
1669
1672
1673
1674
1675
1676
1679
1680
1680
1682
1684
1685
1685
1687
1688
1690
1691
1691
1693
1717
1694
1695
1698
1729
1712
1700
1701
1702
1703
1705
1706
1707
1708
1710
1711
1713
1714
1714
1716
1716
1716
1717
1718
1719
1720
1721
1723
1744
1724
1724
1725
1727
1727
1727
1727
1726
1726
1726
1726
1726
1740
1727
1727
1727
1729
1729
1730
1730
1731
1732
1733
1733
1734
1734
1735
1736
1737
1738
1739
1739
1740
1741
1741
1742
1742
1741
1741
1741
1741
1740
1740
1740
1740
1740
1755
1740
1739
1739
1738
1758
1736
1735
1734
1733
1732
1731
1730
1729
1727
1726
1725
1723
1722
1721
1718
1717
1716
1715
1714
1727
1726
1712
1711
1710
1709
1723
1708
1708
1707
1707
1707
1707
1707
1707
1721
1706
1706
1705
1705
1705
1705
1704
1703
1703
1702
1702
1715
1700
1698
1697
1696
1696
1694
1694
1706
1693
1713
1691
1690
1689
1696
1687
1700
1686
1685
1683
1683
1682
1682
1682
1681
1680
1679
1678
1677
1677
1676
1676
1675
1674
1674
1673
1673
1672
1670
1670
1669
1668
1667
1666
1666
1665
1664
1663
1663
1662
1691
1661
1683
1660
1660
1660
1659
1659
1660
1660
1659
1660
1659
1659
1659
1659
1660
1659
1660
1660
1660
1671
1659
1659
1660
1659
1658
1658
1658
1659
1672
1659
1659
1659
1660
1661
1673
1661
1663
1663
1664
1666
1667
1668
1669
1670
1671
1673
1674
1676
1677
1678
1681
1683
1685
1687
1688
1704
1692
1693
1695
1697
1697
1698
1699
1700
1701
1703
1704
1704
1730
1707
1709
1709
1710
1710
1711
1712
1713
1714
1715
1716
1717
1717
1717
1718
1718
1719
1719
1720
1720
1721
1721
1722
1722
1723
1723
1724
1724
1724
1744
1727
1727
1727
1727
1728
1728
1729
1729
1737
1730
1745
1732
1733
1732
1733
1734
1735
1736
1751
1738
1739
1739
1740
1748
1741
1741
1741
1742
1742
1742
1741
1740
1741
1741
1740
1740
1739
1738
1738
1736
1735
1735
1734
1733
1732
1731
1730
1730
1729
1727
1726
1725
1725
1724
1723
1722
1720
1719
1718
1716
1715
1715
1713
1712
1710
1709
1707
1706
1705
1703
1702
1700
1699
1697
1696
1695
1692
1691
1691
1689
1687
1686
1685
1682
1681
1680
1678
1677
1675
1673
1671
1670
1670
1668
1666
1664
1663
1662
1684
1659
1658
1656
1655
1655
1654
1652
1651
1650
1650
1657
1649
1649
1649
1663
1648
1648
1648
1648
1648
1648
1648
1648
1648
1648
1647
1647
1646
1646
1646
1646
1646
1645
1651
1644
1643
1642
