1861
1856
1855
1853
1850
1847
1843
1841
1842
1842
1841
1844
1878
1847
1845
1848
1858
1864
1876
1872
1870
1884
1881
1887
1895
1896
1896
1910
1909
1916
1925
1927
1924
1927
1935
1943
1942
1947
1941
1949
1946
1949
1960
1954
1963
1960
1960
1956
1957
1943
1946
1940
1933
1929
1927
1924
1919
1916
1915
1914
1914
1916
1916
1917
1920
1918
1917
1919
1923
1918
1920
1918
1918
1917
1918
1915
1917
1918
1917
1908
1917
1909
1918
1919
1921
1926
1923
1926
1927
1929
1925
1934
1935
1938
1937
1939
1941
1940
1944
1938
1938
1928
1929
1927
1925
1920
1918
1916
1913
1912
1903
1905
1906
1898
1901
1894
1893
1893
1881
1888
1880
1887
1884
1886
1886
1891
1892
1896
1902
1901
1907
1898
1901
1913
1915
1915
1915
1918
1920
1918
1919
1920
1921
1920
1921
1925
1923
1924
1924
1922
1923
1926
1924
1925
1922
1921
1916
1920
1922
1921
1923
1919
1922
1919
1924
1923
1924
1930
1969
1936
1930
1942
1950
1948
1942
1953
1951
1947
1946
1941
1941
1934
1932
1925
1924
1913
1909
1902
1894
1889
1884
1880
1876
1874
1873
1875
1880
1885
1892
1898
1912
1912
1921
1933
1939
1948
1957
1962
1966
1972
1978
1984
1986
1993
1986
1999
2001
2005
2002
2001
2000
1995
1991
1987
1983
1979
1973
1963
1961
1955
1946
1938
1938
1932
1931
1924
1921
1919
1919
1918
1918
1919
1919
1922
1920
1922
1924
1925
1928
1932
1936
1934
1935
1938
1939
1932
1953
1946
1954
1956
1960
1967
1972
1984
1978
1980
1983
1985
1985
1985
1984
1983
1982
1980
1980
1976
1975
1972
1969
1969
1966
1965
1963
1952
1959
1958
1951
1969
1947
1941
1938
1932
1950
1925
1925
1925
1925
1946
1926
1917
1950
1932
1932
1935
1960
1939
1937
1937
1937
1936
1935
1933
1932
1931
1930
1927
1926
1919
1913
1913
1907
1903
1900
1897
1891
1882
1881
1873
1868
1865
1863
1883
1881
1858
1846
1854
1874
1850
1848
1849
1847
1847
1848
1849
1850
1854
1854
1856
1857
1859
1860
1862
1863
1864
1887
1867
1866
1857
1867
1867
1869
1889
1866
1866
1869
1888
1857
1892
1866
1856
1888
1865
1864
1863
1853
1861
1858
1846
1844
1876
1852
1872
1852
1853
1854
1845
1857
1858
1862
1866
1859
1879
1881
1888
1880
1904
1907
1912
1911
1923
1925
1936
1941
1942
1954
1961
1971
1969
1978
1981
1987
1982
2007
1983
1983
1983
2007
1985
1981
1983
1984
1976
1988
1991
1993
1992
1995
1988
2000
2012
1998
2031
2013
2015
2041
2010
2026
2020
2020
2023
2021
2014
2010
1999
1996
1988
1988
1978
1968
1972
1957
1948
1943
1937
1923
1927
1918
1904
1899
1896
1887
1887
1900
1877
1870
1868
1868
1870
1869
1870
1873
1874
1899
1882
1883
1892
1893
1897
1903
1907
1903
1913
1904
1903
1906
1897
1894
1889
1889
1881
1874
1867
1854
1859
1855
1849
1844
1842
1827
1820
1810
1815
1799
1793
1789
1788
1811
1788
1792
1794
1796
1811
1809
1817
1828
1847
1859
1868
1899
1876
1893
1902
1911
1916
1932
1928
1934
1940
1941
1944
1950
1949
1977
1973
1972
1939
1947
1945
1931
1920
1921
1906
1890
1890
1869
1860
1845
1844
1862
1859
1832
1826
1835
1842
1855
1855
1871
1888
1905
1923
1928
1949
1955
1964
1976
1978
2013
1990
1999
2001
2003
2004
2005
2006
2005
2030
2005
2004
2035
2002
2028
1997
1994
1989
2010
2007
2000
1972
1967
1969
1960
1959
1954
1976
1946
1943
1938
1963
1932
1928
1923
1920
1915
1913
1911
1909
1908
1908
1908
1907
1907
1907
1906
1906
1906
1939
1905
1905
1904
1903
1903
1903
1901
1902
1901
1901
1937
1949
1932
1934
1939
1905
1907
1911
1913
1916
1918
1921
1923
1925
1927
1928
1929
1958
1929
1930
1930
1960
1930
1930
1929
1929
1927
1926
1925
1923
1921
1919
1916
1914
1912
1909
1907
1904
1902
1901
1886
1901
1901
1901
1901
1903
1903
1903
1903
1903
1904
1904
1904
1905
1905
1907
1908
1945
1913
1915
1919
1923
1928
1932
1937
1941
1946
1951
1955
1991
1961
1963
1965
1966
1967
2003
1967
1967
1969
1970
1972
1974
1978
1982
1986
1989
1992
1994
1995
1995
1993
1990
1986
1982
1979
1973
1971
1966
1963
1960
1957
1954
1951
1948
1945
1941
1939
1937
1936
1936
1936
1936
1936
1937
1939
1941
1943
1947
1951
1955
1962
1974
1973
1984
1983
1990
1994
2001
2005
2005
2006
2011
2006
2006
2004
2001
2000
2002
2000
1997
1993
1992
1994
1992
1994
1995
1992
1991
1996
1995
1996
1995
2001
2005
2007
2008
2008
2016
2020
2030
2035
2045
2054
2060
2075
2081
2098
2098
2104
2107
2114
2113
2118
2114
2115
2111
2113
2102
2097
2092
2085
2071
2069
2075
2072
2038
2024
2016
2017
2019
2021
2025
2031
2030
2024
2020
2018
2007
2001
2004
1989
1985
1975
1965
1961
1957
1943
1936
1931
1943
1943
1970
1900
1874
1861
1835
1850
1822
1819
1816
1812
1807
1812
1801
1793
1791
1788
1786
1778
1787
1786
1790
1792
1814
1794
1794
1782
1778
1769
1761
1748
1735
1728
1711
1736
1694
1691
1674
1666
1650
1637
1622
1619
1611
1600
1597
1596
1596
1595
1596
1600
1607
1607
1619
1624
1633
1635
1643
1667
1663
1680
1692
1713
1725
1751
1755
1767
1792
1809
1828
1865
1866
1870
1880
1919
1904
1932
1923
1934
1942
1949
1962
1979
1992
1995
2025
2021
2033
2042
2051
2084
2078
2098
2085
2102
2114
2134
2138
2153
2177
2187
2209
2223
2236
2250
2267
2267
2287
2298
2309
2328
2324
2342
2365
2366
2386
2425
2418
2429
2424
2425
2420
2436
2437
2440
2439
2437
2434
2435
2421
2419
2430
2402
2398
2392
2380
2384
2379
2365
2358
2360
2358
2350
2356
2356
2360
2363
2363
2362
2371
2377
2384
2389
2394
2401
2407
2408
2416
2422
2423
2432
2433
2436
2435
