1727
1728
1731
1731
1733
1734
1735
1736
1738
1738
1740
1745
1742
1743
1744
1744
1746
1746
1747
1746
1748
1752
1748
1748
1751
1747
1746
1745
1743
1742
1740
1738
1737
1732
1730
1729
1726
1725
1723
1720
1717
1717
1717
1712
1710
1707
1706
1705
1703
1702
1701
1700
1699
1697
1698
1697
1700
1695
1693
1692
1692
1690
1690
1689
1689
1685
1685
1686
1685
1683
1682
1680
1680
1679
1679
1678
1678
1677
1676
1675
1677
1673
1671
1673
1675
1671
1670
1670
1669
1669
1668
1667
1671
1667
1671
1668
1668
1669
1668
1669
1669
1673
1670
1670
1671
1670
1671
1671
1670
1671
1672
1674
1674
1674
1674
1674
1677
1673
1672
1672
1671
1671
1669
1671
1670
1673
1669
1669
1669
1667
1671
1668
1667
1666
1666
1665
1665
1668
1665
1664
1666
1664
1661
1661
1661
1660
1661
1662
1659
1658
1662
1657
1659
1659
1658
1657
1667
1658
1657
1658
1658
1658
1655
1658
1658
1658
1658
1660
1660
1662
1663
1665
1666
1667
1670
1670
1672
1673
1675
1679
1680
1680
1680
1680
1681
1680
1679
1677
1676
1674
1673
1673
1672
1671
1671
1671
1670
1671
1673
1674
1676
1677
1679
1682
1683
1685
1688
1690
1693
1695
1697
1699
1699
1701
1703
1704
1705
1704
1708
1708
1710
1711
1712
1713
1714
1714
1716
1718
1718
1720
1720
1721
1722
1720
1722
1722
1720
1718
1717
1716
1714
1713
1712
1712
1712
1711
1711
1711
1710
1711
1710
1706
1705
1704
1700
1699
1694
1688
1687
1681
1676
1675
1668
1664
1662
1661
1656
1655
1655
1653
1655
1657
1655
1654
1655
1654
1653
1654
1654
1655
1657
1659
1662
1662
1662
1663
1661
1666
1663
1666
1667
1668
1666
1666
1667
1669
1670
1672
1671
1669
1671
1671
1673
1674
1677
1674
1674
1674
1676
1673
1674
1675
1677
1676
1678
1679
1682
1682
1682
1686
1685
1688
1688
1688
1702
1696
1695
1697
1700
1699
1702
1704
1702
1702
1701
1703
1701
1702
1700
1701
1702
1703
1701
1703
1702
1701
1704
1701
1704
1702
1704
1704
1704
1707
1708
1721
1707
1710
1712
1710
1711
1713
1714
1711
1712
1713
1713
1714
1713
1713
1713
1715
1713
1713
1714
1713
1714
1715
1713
1714
1732
1714
1716
1714
1715
1715
1716
1731
1714
1715
1717
1715
1715
1716
1716
1716
1716
1715
1716
1716
1718
1715
1717
1716
1718
1714
1716
1715
1714
1714
1713
1714
1714
1713
1715
1717
1715
1713
1714
1712
1711
1712
1710
1710
1710
1709
1723
1708
1723
1727
1711
1709
1710
1709
1711
1708
1710
1708
1707
1709
1707
1709
1708
1707
1710
1709
1724
1709
1710
1709
1711
1710
1710
1710
1712
1712
1710
1713
1714
1713
1726
1715
1717
1718
1718
1719
1720
1741
1722
1722
1723
1724
1739
1726
1726
1726
1728
1727
1741
1728
1727
1728
1730
1731
1733
1732
1742
1729
1728
1727
1724
1734
1733
1721
1718
1728
1715
1713
1713
1714
1714
1713
1712
1715
1714
1714
1712
1713
1713
1714
1714
1712
1723
1712
1711
1722
1710
1709
1709
1708
1708
1719
1709
1707
1707
1707
1707
1722
1721
1718
1708
1709
1719
1710
1708
1718
1707
1707
1707
1707
1716
1709
1719
1706
1705
1716
1709
1705
1705
1704
1706
1707
1705
1704
1703
1714
1703
1716
1707
1704
1703
1704
1704
1714
1701
1700
1703
1700
1698
1699
1709
1708
1698
1704
1695
1695
1702
1694
1704
1692
1691
1691
1701
1688
1688
1699
1697
1686
1695
1688
1695
1693
1686
1688
1693
1683
1685
1695
1684
1684
1695
1697
1697
1689
1699
1691
1703
1694
1706
1697
1697
1709
1699
1700
1710
1702
1708
1708
1706
1694
1703
1693
1694
1689
1697
1687
1689
1693
1684
1695
1694
1694
1691
1684
1688
1683
1690
1683
1690
1685
1680
1679
1678
1676
1678
1673
1679
1674
1674
1671
1680
1678
1677
1673
1671
1673
1673
1672
1678
1677
1670
1674
1675
1676
1676
1684
1682
1686
1689
1689
1702
1698
1708
1703
1712
1710
1711
1713
1716
1718
1717
1720
1720
1723
1723
1724
1726
1727
1725
1727
1727
1728
1728
1730
1729
1728
1729
1729
1734
1734
1729
1729
1727
1730
1731
1730
1729
1728
1733
1729
1734
1729
1730
1731
1732
1732
1736
1736
1736
1733
1735
1735
1737
1739
1737
1739
1741
1741
1742
1743
1747
1747
1747
1749
1751
1751
1757
1756
1759
1764
1764
1768
1770
1768
1771
1769
1772
1772
1774
1774
1776
1775
1776
1777
1777
1775
1777
1774
1773
1773
1774
1768
1767
1763
1763
1760
1757
1752
1750
1746
1742
1739
1739
1735
1732
1729
1728
1726
1722
1718
1718
1713
1712
1708
1707
1707
1704
1701
1700
1697
1696
1694
1693
1689
1693
1690
1692
1690
1689
1689
1686
1688
1689
1687
1688
1688
1690
1689
1689
1692
1694
1692
1694
1693
1693
1694
1693
1693
1694
1695
1693
1694
1693
1695
1693
1696
1694
1694
1695
1697
1697
1699
1700
1701
1706
1705
1707
1709
1710
1712
1713
1715
1716
1714
1715
1716
1716
1714
1711
1710
1708
1704
1702
1702
1697
1693
1689
1686
1686
1682
1682
1679
1679
1669
1668
1668
1668
1665
1663
1659
1657
1657
1656
1657
1657
1657
1655
1655
1654
1654
1655
1655
1655
1656
1655
1656
1658
1659
1656
1656
1658
1661
1658
1660
1660
1662
1662
1664
1670
1669
1673
1677
1676
1679
1682
1686
1686
1689
1690
1693
1696
1698
1699
1702
1703
1706
1707
1709
1711
1713
1714
1718
1718
1720
1723
1726
1727
1730
1733
1737
1738
1742
1745
1749
1750
1753
1757
1757
1759
1760
1761
1760
1760
1758
1757
1757
1763
1748
1749
1743
1741
1738
1736
1735
1733
1732
1731
1731
1730
1731
1731
1731
1730
1731
1731
1731
1731
1731
1731
1731
1731
1731
1729
1727
1730
1726
1725
1719
1717
1714
1713
1711
1709
1706
1705
1704
1702
1701
1699
1698
1698
1698
1697
1697
1696
1697
1697
1699
1699
1700
