1910
1919
1943
1906
1914
1917
1910
1923
1920
1922
1935
1941
1940
1952
1967
1966
1978
1990
2002
2012
2026
2027
2043
2043
2057
2065
2080
2082
2086
2089
2092
2094
2104
2098
2091
2093
2091
2090
2080
2080
2086
2085
2076
2081
2079
2088
2084
2085
2088
2096
2092
2094
2096
2096
2096
2097
2091
2103
2083
2073
2076
2064
2051
2056
2041
2035
2025
2017
2005
2007
2002
1988
1988
1977
1974
1972
1982
1979
1970
1970
1971
1972
1975
1984
1977
1978
1981
1983
1987
1994
2001
1999
2012
2007
2020
2020
2018
2019
2020
2022
2016
2011
2014
2006
1996
1997
1987
1974
1955
1949
1943
1938
1917
1917
1909
1892
1894
1888
1885
1868
1864
1863
1867
1868
1872
1868
1866
1868
1871
1873
1875
1877
1878
1879
1878
1876
1876
1879
1870
1872
1873
1861
1867
1858
1853
1850
1857
1845
1846
1836
1829
1826
1819
1815
1814
1808
1809
1803
1801
1798
1802
1796
1798
1799
1821
1823
1847
1852
1879
1890
1909
1909
1927
1945
1972
1980
1985
1985
1990
2003
2000
2012
2011
2019
2016
2017
2021
2023
2025
2027
2026
2024
2021
2018
2019
2016
2010
2002
1995
1986
1984
1971
1972
1965
1956
1952
1978
1942
1936
1928
1925
1920
1925
1910
1907
1902
1901
1894
1888
1880
1877
1871
1865
1864
1859
1858
1861
1859
1848
1851
1849
1843
1851
1842
1842
1851
1842
1841
1848
1850
1845
1836
1844
1836
1836
1825
1822
1822
1816
1821
1814
1810
1806
1803
1802
1798
1795
1794
1791
1789
1786
1784
1782
1779
1780
1773
1780
1771
1765
1769
1763
1766
1765
1772
1771
1777
1777
1775
1777
1791
1782
1794
1792
1792
1800
1809
1804
1816
1819
1819
1812
1812
1818
1811
1812
1805
1813
1799
1794
1799
1796
1794
1794
1782
1793
1787
1792
1785
1792
1797
1799
1812
1816
1821
1838
1837
1854
1860
1865
1870
1886
1882
1892
1900
1902
1900
1905
1907
1909
1911
1913
1916
1915
1915
1923
1915
1920
1914
1912
1915
1909
1909
1911
1906
1901
1904
1897
1892
1894
1891
1879
1876
1870
1866
1867
1867
1866
1864
1856
1858
1858
1850
1860
1853
1856
1859
1864
1866
1875
1873
1876
1880
1884
1886
1892
1894
1901
1909
1903
1905
1918
1910
1920
1911
1910
1910
1910
1910
1913
1910
1910
1917
1914
1910
1910
1910
1913
1916
1908
1908
1919
1906
1905
1905
1904
1904
1904
1901
1900
1899
1897
1895
1896
1892
1891
1887
1884
1885
1883
1879
1879
1872
1869
1872
1864
1862
1870
1859
1855
1852
1861
1850
1849
1846
1848
1847
1848
1845
1844
1844
1844
1851
1845
1846
1846
1847
1844
1846
1846
1844
1846
1847
1855
1863
1865
1878
1884
1890
1901
1925
1927
1933
1958
1975
1983
1993
2012
2020
2023
2034
2050
2048
2059
2064
2070
2071
2070
2078
2079
2072
2075
2074
2063
2060
2052
2058
2050
2041
2035
2032
2022
2023
2013
2009
2005
2009
1995
1994
1988
1994
1984
1983
1984
1985
1982
1971
1973
1965
1965
1959
1952
1952
1956
1951
1939
1943
1939
1927
1929
1926
1922
1913
1908
1903
1898
1894
1887
1886
1873
1877
1866
1862
1860
1861
1865
1861
1871
1876
1886
1893
1908
1913
1925
1935
1941
1959
1958
1977
1984
1997
1999
2008
2008
2026
2024
2036
2033
2036
2036
2033
2035
2032
2028
2022
2018
2013
2013
2009
1998
2000
1995
1994
1983
1987
1975
1973
1970
1973
1975
1963
1965
1960
1959
1959
1963
1966
1961
1955
1964
1960
1951
1958
1955
1945
1952
1941
1938
1937
1932
1938
1934
1932
1930
1921
1926
1915
1921
1923
1926
1926
1926
1937
1943
1940
1949
1953
1953
1958
1964
1964
1965
1966
1967
1971
1968
1968
1977
1967
1968
1965
1969
1966
1962
1956
1946
1942
1929
1930
1923
1915
1909
1893
1892
1875
1875
1861
1862
1858
1848
1845
1853
1853
1856
1854
1864
1863
1871
1871
1876
1884
1897
1906
1912
1917
1923
1934
1935
1942
1952
1960
1959
1969
1972
1967
1973
1972
1971
1972
1965
1958
1953
1951
1947
1941
1935
1940
1934
1930
1928
1926
1924
1922
1912
1918
1907
1913
1916
1915
1911
1916
1915
1917
1917
1918
1914
1917
1919
1917
1914
1916
1921
1926
1926
1930
1931
1930
1934
1936
1927
1936
1935
1936
1926
1935
1928
1935
1926
1931
1925
1935
1935
1933
1928
1927
1929
1918
1918
1915
1916
1919
1919
1910
1908
1911
1914
1909
1908
1906
1908
1907
1896
1892
1891
1897
1883
1890
1883
1874
1874
1870
1872
1868
1867
1862
1852
1852
1842
1847
1840
1835
1834
1823
1828
1819
1816
1823
1814
1814
1821
1816
1818
1819
1815
1815
1817
1816
1820
1815
1816
1810
1809
1808
1801
1797
1793
1790
1783
1777
1768
1771
1763
1744
1752
1735
1732
1720
1718
1709
1693
1697
1689
1690
1694
1694
1695
1704
1707
1716
1726
1731
1745
1746
1749
1759
1767
1776
1783
1788
1795
1798
1804
1806
1805
1803
1799
1805
1805
1796
1792
1787
1771
1769
1756
1748
1738
1733
1726
1725
1719
1720
1712
1723
1727
1737
1744
1752
1767
1767
1787
1795
1803
1819
1825
1833
1836
1839
1834
1836
1842
1846
1842
1840
1840
1841
1837
1834
1835
1836
1837
1845
1843
1859
1865
1882
1886
1895
1899
1909
1925
1932
1953
1941
1955
1960
1965
1965
1969
1976
1976
1971
1970
1967
1963
1960
1952
1945
1936
1925
1923
1912
1904
1901
1897
1897
1885
1897
1898
1903
1903
1910
1913
1925
1928
1937
1936
1942
1948
1950
1953
1949
1956
1955
1957
1955
1953
1950
1946
1936
1927
1920
1907
1901
1895
1883
1875
1865
1852
1846
1835
1830
1827
1822
1818
1817
1816
1819
1819
1821
1822
1825
1824
1828
1834
1837
1839
1843
1850
1851
1859
1864
1860
1857
1865
1866
1866
1865
1864
1863
1864
1862
1862
1863
1862
1862
1863
1856
1863
1862
1862
1866
1862
1862
1862
1864
1864
1864
1865
1865
1866
1854
