1870
1862
1853
1843
1827
1842
1818
1817
1817
1817
1824
1818
1819
1821
1824
1828
1832
1836
1850
1847
1854
1860
1872
1882
1887
1883
1887
1890
1905
1896
1899
1901
1903
1904
1905
1906
1907
1918
1909
1909
1909
1908
1907
1905
1904
1902
1901
1899
1897
1895
1894
1894
1895
1903
1900
1903
1906
1916
1913
1922
1931
1927
1928
1930
1942
1942
1932
1932
1933
1932
1932
1932
1933
1933
1934
1935
1937
1938
1939
1941
1942
1949
1943
1943
1944
1945
1946
1947
1948
1948
1948
1947
1947
1945
1944
1944
1943
1948
1941
1941
1941
1939
1938
1937
1937
1936
1940
1931
1930
1934
1926
1924
1933
1919
1923
1915
1911
1909
1907
1904
1902
1899
1898
1896
1898
1891
1889
1887
1892
1884
1882
1880
1903
1877
1888
1877
1878
1879
1881
1882
1889
1885
1892
1888
1912
1889
1890
1904
1891
1890
1890
1895
1887
1886
1897
1887
1887
1889
1891
1892
1894
1902
1898
1900
1902
1907
1910
1918
1920
1922
1936
1936
1943
1946
1949
1954
1958
1960
1963
1965
1978
1969
1971
1972
1972
1973
1974
1974
1974
1973
1972
1971
1970
1970
1968
1965
1974
1973
1960
1958
1957
1956
1956
1956
1955
1954
1952
1949
1946
1942
1939
1934
1931
1926
1923
1920
1917
1913
1910
1909
1908
1917
1907
1907
1907
1919
1915
1910
1912
1913
1915
1916
1917
1919
1919
1919
1920
1920
1919
1919
1920
1920
1919
1919
1919
1918
1918
1917
1922
1913
1911
1909
1919
1907
1906
1905
1904
1904
1903
1903
1903
1903
1903
1913
1903
1903
1915
1904
1904
1911
1905
1905
1905
1906
1907
1905
1906
1906
1905
1905
1915
1916
1904
1916
1904
1910
1903
1903
1902
1901
1901
1900
1900
1899
1899
1909
1898
1897
1897
1896
1895
1894
1893
1893
1893
1893
1894
1894
1894
1894
1895
1896
1896
1896
1896
1896
1895
1895
1895
1906
1895
1894
1894
1895
1907
1894
1894
1893
1893
1895
1897
1911
1902
1906
1910
1913
1919
1925
1930
1937
1943
1959
1961
1982
1994
1991
1987
1999
2013
2008
2037
2046
2053
2046
2060
2067
2073
2070
2081
2093
2094
2114
2123
2111
2125
2115
2125
2111
2109
2105
2112
2096
2091
2083
2094
2083
2065
2061
2043
2044
2021
2011
2004
2005
2000
1991
1983
1969
1958
1952
1955
1939
1934
1930
1927
1934
1921
1924
1915
1913
1908
1905
1914
1901
1899
1898
1897
1897
1898
1898
1899
1901
1902
1904
1906
1907
1909
1911
1912
1923
1923
1912
1911
1910
1919
1919
1906
1916
1902
1901
1901
1896
1894
1892
1888
1899
1894
1877
1873
1870
1867
1863
1859
1868
1852
1848
1846
1842
1836
1833
1842
1826
1823
1821
1820
1820
1820
1821
1823
1829
1846
1856
1864
1879
1882
1892
1906
1915
1931
1940
1940
1959
1963
1963
1980
1975
1979
1985
1986
1987
1989
1989
1989
1987
1984
1982
1978
1975
1970
1963
1967
1954
1949
1941
1951
1926
1921
1928
1909
1904
1899
1902
1884
1877
1870
1876
1866
1862
1843
1835
1838
1822
1817
1816
1814
1814
1824
1825
1814
1815
1816
1818
1821
1824
1827
1830
1835
1850
1842
1859
1850
1857
1859
1864
1867
1869
1870
1871
1871
1871
1870
1869
1868
1866
1864
1872
1860
1870
1857
1856
1855
1854
1852
1850
1849
1846
1844
1840
1836
1831
1848
1824
1823
1822
1823
1823
1824
1826
1827
1831
1836
1842
1858
1857
1881
1884
1904
1907
1906
1927
1946
1940
1948
1966
1960
1978
1980
1976
1980
1982
1983
1994
1983
1983
1982
1981
1980
1979
1978
1977
1976
1974
1972
1967
1965
1962
1958
1963
1959
1946
1943
1952
1935
1932
1928
1934
1921
1919
1917
1916
1915
1915
1916
1916
1917
1919
1920
1922
1924
1925
1925
1923
1921
1929
1914
1921
1912
1911
1902
1888
1895
1880
1894
1876
1859
1854
1852
1851
1850
1851
1852
1855
1858
1860
1878
1868
1872
1891
1882
1887
1906
1899
1906
1920
1924
1920
1933
1940
1946
1954
1946
1952
1957
1959
1962
1964
1986
1970
1983
1976
1980
1983
1988
1993
2010
2016
2013
2019
2042
2028
2030
2032
2032
2031
2029
2024
2022
2019
2013
2008
2005
2003
2001
2000
1998
1996
1995
1994
2006
1994
1993
1992
1990
1987
1983
1990
1972
1979
1959
1954
1949
1946
1941
1939
1947
1933
1930
1928
1926
1923
1921
1919
1926
1917
1915
1913
1912
1911
1909
1908
1905
1902
1909
1896
1893
1889
1885
1882
1880
1877
1876
1877
1879
1883
1890
1902
1916
1912
1930
1926
1932
1941
1947
1954
1969
1968
1975
1981
1987
1993
2000
2006
2012
2018
2024
2031
2038
2045
2051
2059
2064
2072
2078
2085
2100
2100
2106
2114
2120
2121
2124
2124
2124
2122
2120
2116
2116
2119
2106
2105
2098
2106
2090
2086
2085
2081
2089
2085
2072
2068
2065
2061
2056
2062
2048
2043
2040
2036
2042
2030
2027
2025
2022
2021
2023
2017
2017
2016
2016
2016
2015
2014
2011
2008
2003
1998
1994
1991
1988
1984
1980
1976
1971
1972
1960
1961
1950
1953
1938
1945
1927
1926
1909
1907
1898
1893
1887
1888
1874
1870
1874
1863
1864
1866
1879
1870
1871
1880
1870
1869
1877
1867
1866
1865
1866
1862
1860
1867
1855
1854
1852
1853
1853
1860
1859
1863
1869
1871
1876
1880
1882
1886
1890
1894
1899
1900
1905
1907
1920
1914
1914
1925
1914
1912
1908
1905
1900
1896
1893
1891
1887
1892
1880
1873
1871
1868
1867
1864
1862
1861
1869
1858
1868
1856
1856
1857
1864
1853
1853
1852
1853
1852
1864
1853
1856
1854
1854
1858
1856
1858
1858
1859
1862
1868
1873
1879
1883
1888
1897
1898
1904
1914
1917
1921
1935
1936
1939
1948
1953
1958
1965
1971
1977
1979
1990
1992
2007
2005
2008
2020
2011
2010
2012
2007
2004
2005
1993
1986
1980
1972
1965
1962
1954
1946
1940
1936
1931
1928
1922
1919
1917
1917
1916
1916
1921
1918
1916
1924
1914
1912
