1697
1697
1698
1697
1697
1696
1696
1695
1695
1696
1694
1693
1691
1690
1690
1690
1692
1693
1691
1691
1692
1692
1694
1692
1695
1695
1695
1696
1696
1696
1699
1697
1698
1697
1695
1701
1699
1699
1699
1699
1700
1700
1700
1700
1700
1700
1700
1701
1698
1698
1698
1697
1696
1696
1696
1696
1695
1695
1693
1693
1692
1691
1692
1691
1690
1689
1690
1690
1686
1688
1688
1688
1688
1686
1688
1689
1688
1689
1689
1692
1689
1689
1688
1694
1690
1689
1693
1688
1687
1691
1689
1685
1685
1684
1687
1685
1687
1681
1683
1684
1684
1685
1685
1686
1686
1687
1688
1688
1690
1691
1688
1694
1693
1692
1693
1692
1690
1696
1690
1690
1688
1691
1685
1688
1686
1680
1681
1683
1679
1678
1677
1676
1673
1672
1670
1669
1667
1673
1666
1663
1663
1658
1661
1659
1660
1667
1662
1661
1665
1671
1670
1673
1674
1676
1679
1687
1680
1689
1684
1684
1694
1689
1696
1690
1691
1698
1692
1692
1692
1693
1694
1695
1699
1695
1696
1702
1701
1696
1702
1697
1697
1697
1697
1693
1696
1695
1696
1696
1696
1696
1697
1700
1697
1697
1696
1696
1698
1703
1703
1704
1704
1706
1710
1712
1717
1714
1719
1721
1719
1729
1723
1728
1727
1735
1733
1734
1735
1740
1740
1741
1745
1745
1749
1747
1751
1750
1756
1751
1756
1755
1752
1750
1749
1747
1746
1742
1739
1738
1734
1729
1729
1724
1712
1705
1705
1697
1692
1690
1682
1680
1678
1670
1669
1668
1665
1661
1663
1661
1658
1658
1659
1657
1657
1660
1662
1662
1660
1665
1667
1670
1673
1677
1676
1680
1681
1680
1680
1685
1685
1687
1687
1689
1686
1692
1694
1692
1694
1700
1699
1701
1702
1703
1703
1708
1705
1706
1705
1707
1720
1712
1714
1719
1710
1716
1715
1710
1713
1717
1707
1705
1703
1707
1703
1700
1698
1695
1697
1695
1689
1691
1690
1689
1686
1684
1683
1685
1686
1686
1687
1682
1687
1682
1686
1682
1687
1683
1687
1687
1687
1687
1683
1687
1692
1682
1682
1685
1682
1686
1684
1686
1689
1686
1687
1689
1691
1692
1693
1694
1694
1694
1699
1701
1697
1701
1698
1700
1702
1701
1701
1699
1700
1699
1698
1697
1699
1696
1699
1695
1697
1693
1696
1693
1695
1699
1697
1699
1700
1704
1710
1707
1714
1712
1714
1714
1716
1720
1720
1720
1723
1722
1727
1727
1731
1732
1728
1731
1736
1734
1733
1730
1734
1733
1729
1732
1731
1726
1729
1723
1724
1724
1723
1718
1717
1716
1714
1713
1711
1709
1708
1710
1708
1704
1706
1704
1702
1701
1699
1697
1690
1694
1692
1686
1687
1679
1680
1680
1674
1672
1670
1672
1671
1673
1670
1671
1672
1666
1672
1669
1672
1668
1670
1671
1672
1676
1676
1674
1674
1674
1675
1674
1673
1679
1674
1675
1678
1682
1687
1689
1686
1693
1695
1696
1693
1700
1696
1703
1698
1705
1703
1702
1710
1709
1710
1710
1711
1711
1713
1712
1706
1710
1708
1708
1709
1705
1703
1704
1699
1696
1692
1691
1688
1689
1684
1680
1673
1675
1671
1673
1669
1668
1667
1666
1666
1665
1666
1666
1666
1669
1670
1671
1674
1672
1679
1683
1683
1690
1691
1698
1699
1703
1707
1709
1712
1713
1717
1719
1719
1728
1727
1729
1731
1731
1734
1736
1733
1738
1739
1740
1738
1742
1738
1744
1743
1742
1742
1741
1739
1736
1734
1731
1730
1725
1724
1718
1717
1714
1710
1707
1703
1701
1700
1697
1694
1686
1688
1685
1684
1675
1679
1677
1672
1665
1668
1667
1665
1663
1662
1662
1664
1663
1667
1666
1669
1670
1667
1672
1670
1677
1678
1679
1681
1682
1679
1686
1685
1693
1697
1703
1705
1714
1712
1712
1720
1722
1725
1728
1727
1728
1728
1728
1726
1724
1723
1721
1715
1715
1713
1710
1707
1706
1701
1704
1703
1702
1701
1700
1700
1698
1694
1695
1690
1687
1688
1686
1681
1673
1678
1676
1670
1669
1669
1666
1663
1664
1663
1662
1659
1659
1661
1658
1658
1659
1662
1661
1659
1660
1659
1659
1659
1660
1663
1663
1662
1664
1660
1661
1662
1665
1667
1669
1671
1670
1672
1672
1676
1676
1678
1674
1679
1675
1681
1684
1681
1680
1681
1677
1676
1673
1673
1669
1668
1662
1661
1657
1656
1655
1655
1656
1653
1654
1658
1657
1656
1659
1661
1663
1658
1670
1669
1669
1669
1671
1672
1673
1673
1678
1676
1677
1681
1679
1681
1681
1676
1684
1685
1685
1688
1688
1681
1688
1688
1682
1688
1691
1681
1680
1680
1684
1684
1677
1675
1674
1673
1678
1677
1669
1675
1668
1674
1667
1673
1666
1672
1671
1665
1671
1666
1671
1675
1673
1676
1673
1674
1674
1668
1668
1669
1677
1676
1677
1677
1671
1678
1680
1681
1682
1677
1686
1687
1681
1689
1689
1683
1689
1690
1684
1692
1685
1693
1694
1694
1688
1689
1697
1698
1699
1701
1701
1696
1697
1698
1698
1699
1706
1700
1706
1701
1707
1707
1707
1702
1703
1703
1709
1709
1710
1709
1703
1704
1710
1710
1709
1710
1705
1710
1705
1711
1706
1713
1706
1714
1714
1715
1714
1713
1708
1706
1710
1707
1708
1705
1702
1696
1698
1691
1689
1692
1686
1688
1681
1680
1681
1679
1678
1672
1671
1669
1667
1667
1668
1667
1662
1666
1665
1663
1658
1663
1662
1657
1656
1659
1653
1657
1657
1655
1654
1655
1653
1653
1652
1651
1649
1647
1647
1650
1651
1651
1652
1653
1650
1652
1654
1654
1660
1658
1659
1666
1667
1665
1672
1675
1673
1675
1681
1683
1681
1686
1683
1684
1685
1686
1687
1691
1691
1689
1689
1689
1688
1688
1693
1690
1689
1694
1694
1689
1688
1686
1686
1685
1684
1683
1683
1681
1679
1679
1678
1682
1676
1681
1677
1676
1675
1676
1679
1674
1675
1674
1673
1674
1674
1679
1676
1677
1679
1680
1681
1683
1686
1687
1689
1692
1695
1697
1698
1703
1704
1705
1705
1710
1711
1712
1713
1714
1715
1718
1719
1721
1722
1724
1726
