1618
1629
1631
1624
1634
1628
1628
1629
1639
1631
1633
1634
1644
1637
1638
1639
1642
1646
1655
1656
1657
1659
1660
1661
1662
1664
1656
1666
1666
1666
1659
1659
1659
1661
1665
1659
1665
1665
1656
1655
1653
1652
1652
1650
1649
1649
1650
1651
1650
1651
1653
1654
1660
1660
1662
1675
1667
1671
1687
1685
1682
1693
1686
1691
1692
1693
1704
1695
1697
1705
1699
1701
1701
1709
1704
1704
1715
1717
1718
1718
1721
1722
1723
1724
1719
1722
1722
1732
1734
1726
1728
1728
1738
1734
1731
1733
1741
1742
1734
1735
1736
1744
1744
1737
1737
1737
1738
1738
1739
1738
1740
1740
1740
1751
1750
1751
1742
1754
1743
1753
1754
1746
1745
1754
1745
1743
1749
1751
1741
1741
1746
1736
1735
1732
1730
1729
1727
1734
1723
1728
1719
1718
1714
1723
1713
1711
1710
1717
1708
1714
1707
1706
1704
1715
1713
1702
1707
1700
1709
1701
1706
1696
1707
1704
1696
1690
1689
1686
1692
1681
1678
1676
1683
1674
1673
1671
1670
1669
1676
1667
1673
1672
1672
1667
1659
1658
1656
1660
1651
1656
1654
1652
1649
1647
1659
1638
1637
1642
1634
1634
1636
1635
1644
1636
1637
1638
1640
1641
1643
1644
1655
1657
1655
1653
1658
1659
1669
1665
1668
1672
1677
1681
1685
1690
1694
1698
1702
1707
1712
1717
1732
1734
1727
1733
1746
1747
1749
1754
1757
1773
1767
1769
1774
1787
1781
1794
1787
1791
1792
1794
1805
1797
1798
1800
1800
1800
1801
1803
1801
1801
1801
1801
1800
1800
1800
1800
1800
1799
1798
1798
1800
1796
1796
1808
1793
1791
1789
1801
1784
1782
1779
1776
1772
1768
1766
1760
1756
1752
1750
1743
1738
1735
1729
1727
1758
1721
1719
1716
1713
1711
1707
1705
1701
1699
1695
1693
1686
1684
1681
1678
1681
1673
1670
1688
1652
1646
1642
1637
1632
1630
1632
1630
1617
1612
1609
1605
1603
1610
1605
1597
1595
1604
1591
1590
1586
1587
1583
1581
1578
1578
1576
1573
1571
1574
1570
1569
1568
1568
1570
1570
1572
1574
1578
1582
1586
1591
1597
1600
1606
1610
1615
1633
1623
1631
1631
1635
1641
1645
1653
1673
1675
1667
1692
1683
1689
1696
1705
1709
1717
1723
1728
1735
1740
1746
1764
1755
1756
1760
1762
1764
1767
1768
1769
1771
1772
1773
1773
1773
1772
1772
1786
1782
1773
1780
1766
1765
1764
1761
1760
1767
1754
1752
1750
1745
1742
1738
1735
1733
1736
1735
1719
1721
1711
1709
1706
1703
1699
1691
1682
1677
1673
1670
1666
1663
1661
1663
1657
1656
1654
1653
1653
1652
1653
1657
1656
1656
1657
1663
1663
1666
1669
1674
1679
1684
1704
1701
1703
1709
1718
1727
1731
1746
1751
1755
1763
1788
1792
1807
1785
1789
1792
1794
1796
1796
1796
1804
1802
1790
1795
1784
1779
1777
1775
1770
1761
1758
1756
1756
1744
1753
1754
1734
1738
1736
1724
1722
1727
1717
1715
1721
1711
1710
1709
1707
1705
1702
1701
1699
1698
1705
1696
1696
1694
1694
1693
1694
1693
1695
1700
1696
1696
1697
1697
1698
1699
1701
1704
1706
1707
1710
1712
1714
1716
1718
1721
1722
1725
1727
1728
1729
1731
1732
1733
1733
1734
1733
1734
1733
1733
1734
1734
1734
1734
1732
1732
1732
1731
1731
1731
1731
1731
1730
1730
1730
1729
1729
1729
1729
1729
1729
1729
1729
1729
1728
1730
1743
1730
1729
1730
1729
1729
1730
1730
1730
1730
1730
1730
1730
1730
1730
1749
1730
1730
1730
1730
1730
1730
1731
1744
1730
1730
1730
1729
1728
1728
1728
1729
1728
1727
1727
1727
1727
1728
1728
1728
1728
1729
1728
1728
1728
1728
1728
1729
1728
1729
1729
1729
1729
1729
1728
1728
1729
1728
1728
1728
1728
1728
1727
1727
1726
1726
1725
1725
1723
1723
1724
1723
1721
1720
1720
1719
1718
1718
1717
1716
1729
1713
1713
1712
1712
1711
1711
1711
1712
1725
1711
1742
1711
1710
1710
1710
1710
1731
1711
1711
1711
1710
1710
1710
1709
1709
1708
1707
1706
1704
1703
1701
1700
1698
1696
1694
1703
1690
1687
1685
1683
1681
1678
1676
1674
1685
1669
1669
1665
1664
1662
1660
1659
1656
1654
1657
1650
1648
1647
1644
1643
1640
1671
1638
1636
1635
1635
1648
1636
1638
1638
1641
1643
1664
1649
1652
1657
1660
1665
1667
1671
1675
1678
1684
1685
1691
1694
1698
1702
1706
1707
1709
1713
1714
1715
1717
1717
1718
1718
1718
1736
1718
1718
1718
1716
1716
1715
1715
1714
1714
1713
1714
1714
1714
1714
1714
1715
1717
1718
1718
1720
1722
1724
1726
1729
1730
1732
1734
1737
1739
1741
1742
1744
1746
1749
1749
1749
1750
1750
1749
1748
1746
1745
1744
1742
1739
1737
1755
1734
1732
1729
1727
1726
1732
1722
1720
1719
1719
1717
1716
1715
1717
1715
1715
1715
1715
1715
1716
1716
1717
1718
1719
1721
1722
1723
1736
1726
1729
1731
1733
1735
1738
1739
1741
1743
1746
1748
1749
1750
1751
1753
1753
1754
1754
1755
1755
1755
1754
1754
1753
1752
1751
1749
1747
1746
1742
1741
1739
1736
1735
1734
1732
1731
1729
1728
1727
1726
1725
1724
1723
1742
1722
1721
1722
1721
1720
1720
1719
1718
1717
1716
1714
1713
1711
1709
1707
1704
1702
1700
1698
1695
1693
1691
1691
1690
1690
1696
1689
1690
1701
1690
1689
1690
1690
1691
1691
1693
1694
1694
1695
1696
1697
1698
1699
1712
1701
1703
1704
1729
1708
1717
1713
1715
1717
1720
1722
1724
1726
1728
1732
1733
1736
1738
1741
1743
1745
1746
1749
1750
1751
1773
1754
1755
1756
1757
1762
1769
1759
1759
1759
1760
1760
1760
1762
1760
1758
1758
1758
1758
1758
1758
1757
1757
1757
1756
1756
1756
1755
1755
1754
1754
1753
1752
1764
1763
1749
1747
1746
1745
1767
1772
1740
1739
1737
1736
1732
1730
1727
1724
1721
1719
1716
1714
1711
1708
