1690
1696
1695
1695
1687
1694
1688
1696
1692
1688
1689
1690
1691
1696
1691
1692
1692
1693
1694
1694
1695
1699
1697
1699
1699
1706
1701
1701
1702
1711
1703
1710
1711
1704
1706
1710
1703
1702
1711
1708
1699
1698
1697
1724
1694
1698
1690
1690
1718
1693
1684
1684
1682
1687
1679
1677
1675
1703
1674
1673
1670
1668
1667
1664
1669
1667
1659
1663
1657
1662
1657
1657
1657
1656
1657
1657
1665
1665
1659
1660
1662
1665
1672
1675
1671
1674
1677
1680
1682
1687
1689
1689
1693
1695
1698
1700
1704
1707
1710
1711
1723
1713
1720
1719
1714
1713
1719
1722
1722
1715
1714
1715
1713
1712
1713
1711
1722
1709
1709
1707
1706
1704
1730
1701
1700
1699
1697
1696
1695
1694
1694
1692
1692
1692
1696
1690
1690
1689
1689
1690
1697
1689
1690
1690
1695
1691
1691
1691
1692
1701
1692
1700
1694
1693
1694
1693
1693
1700
1693
1692
1691
1693
1690
1689
1689
1687
1686
1685
1684
1694
1683
1681
1681
1680
1681
1680
1681
1709
1681
1681
1681
1681
1681
1683
1682
1681
1682
1682
1682
1683
1696
1690
1686
1684
1686
1686
1687
1687
1687
1688
1696
1690
1690
1691
1693
1694
1702
1696
1697
1697
1698
1699
1700
1701
1701
1715
1703
1703
1704
1712
1704
1711
1704
1704
1704
1705
1703
1704
1705
1712
1703
1704
1704
1704
1706
1706
1706
1706
1707
1707
1707
1707
1706
1705
1705
1703
1701
1700
1697
1696
1695
1692
1690
1688
1721
1685
1685
1682
1684
1681
1687
1687
1686
1686
1679
1679
1680
1681
1681
1682
1683
1683
1684
1687
1686
1686
1687
1688
1688
1690
1691
1694
1694
1694
1696
1697
1698
1700
1700
1702
1702
1703
1705
1705
1706
1707
1730
1709
1710
1711
1711
1711
1712
1712
1713
1713
1714
1714
1714
1714
1715
1716
1747
1716
1717
1719
1718
1718
1719
1719
1719
1719
1716
1716
1713
1711
1709
1707
1703
1700
1697
1693
1690
1684
1693
1675
1671
1673
1661
1670
1652
1649
1645
1643
1648
1646
1635
1632
1630
1627
1626
1622
1622
1620
1618
1617
1616
1615
1616
1616
1615
1615
1614
1622
1613
1613
1619
1612
1612
1620
1613
1613
1615
1617
1620
1621
1623
1625
1628
1633
1636
1639
1646
1650
1652
1655
1658
1661
1664
1665
1667
1668
1670
1671
1672
1673
1674
1674
1676
1678
1680
1682
1684
1686
1687
1690
1690
1693
1693
1695
1696
1697
1698
1700
1702
1704
1704
1706
1709
1710
1712
1714
1716
1719
1721
1724
1725
1728
1730
1736
1731
1731
1732
1739
1733
1732
1731
1730
1729
1727
1726
1723
1721
1719
1722
1714
1712
1708
1706
1704
1701
1700
1695
1694
1691
1690
1685
1682
1680
1677
1674
1671
1677
1667
1665
1663
1661
1661
1668
1660
1662
1662
1663
1663
1666
1667
1671
1682
1675
1677
1678
1680
1681
1684
1684
1686
1688
1688
1688
1689
1690
1692
1693
1694
1696
1697
1700
1709
1704
1706
1710
1712
1715
1718
1723
1727
1728
1731
1733
1736
1772
1741
1745
1747
1750
1752
1753
1753
1754
1756
1756
1766
1767
1759
1757
1758
1758
1758
1757
1756
1755
1754
1762
1754
1752
1752
1750
1750
1759
1759
1752
1750
1753
1752
1752
1753
1762
1755
1757
1758
1759
1760
1763
1764
1767
1775
1771
1773
1776
1777
1777
1777
1778
1786
1786
1786
1780
1786
1777
1785
1776
1776
1781
1774
1780
1771
1769
1768
1765
1764
1763
1761
1759
1757
1756
1762
1753
1751
1749
1747
1753
1750
1750
1740
1739
1744
1742
1741
1738
1729
1726
1724
1729
1719
1717
1714
1712
1710
1706
1705
1703
1707
1705
1696
1694
1693
1690
1689
1688
1686
1685
1683
1683
1686
1682
1679
1678
1678
1677
1675
1675
1682
1675
1676
1677
1678
1677
1679
1681
1680
1687
1681
1683
1682
1684
1685
1686
1687
1687
1688
1697
1691
1691
1692
1692
1692
1692
1700
1694
1700
1694
1694
1694
1694
1694
1702
1692
1692
1699
1690
1689
1687
1693
1691
1682
1681
1680
1677
1675
1682
1681
1681
1673
1674
1673
1673
1674
1674
1675
1675
1676
1677
1678
1677
1678
1678
1686
1687
1680
1681
1688
1682
1685
1683
1685
1686
1687
1688
1689
1690
1692
1694
1693
1696
1697
1703
1699
1700
1700
1701
1702
1703
1704
1707
1707
1707
1708
1718
1711
1713
1714
1721
1717
1717
1717
1716
1716
1721
1714
1719
1712
1709
1708
1707
1705
1703
1710
1708
1699
1704
1696
1695
1693
1692
1690
1690
1688
1688
1686
1685
1684
1683
1683
1682
1681
1680
1680
1680
1679
1677
1679
1678
1677
1678
1678
1678
1677
1676
1676
1676
1675
1674
1674
1673
1673
1673
1672
1672
1671
1669
1669
1669
1670
1670
1672
1673
1673
1674
1674
1675
1679
1678
1679
1680
1681
1684
1685
1686
1688
1688
1691
1691
1693
1694
1696
1697
1704
1701
1703
1704
1704
1711
1706
1713
1713
1708
1706
1706
1707
1707
1706
1707
1708
1707
1707
1707
1714
1707
1707
1707
1707
1707
1705
1704
1703
1703
1702
1703
1700
1699
1698
1697
1704
1697
1695
1696
1694
1695
1692
1694
1693
1690
1690
1689
1688
1688
1686
1685
1684
1683
1683
1681
1681
1679
1679
1678
1678
1678
1679
1679
1681
1715
1680
1680
1681
1682
1683
1682
1683
1685
1686
1688
1688
1689
1691
1692
1693
1695
1695
1702
1695
1696
1697
1698
1697
1698
1699
1700
1700
1700
1700
1700
1701
1701
1702
1701
1702
1702
1703
1703
1705
1720
1705
1711
1708
1705
1705
1705
1705
1703
1701
1701
1699
1699
1699
1697
1697
1698
1694
1694
1692
1693
1692
1692
1692
1692
1701
1693
1700
1693
1693
1693
1693
1693
1695
1693
1692
1695
1692
1691
1693
1698
1703
1697
1690
1688
1687
1688
1687
1686
1685
1693
1685
1685
1684
1684
1685
1691
1683
1684
1683
1689
1682
1681
1682
1681
1681
1682
1680
1679
1679
1679
1680
1679
1684
1679
1685
1679
1678
1677
