2142
2134
2119
2110
2105
2097
2088
2080
2073
2066
2058
2052
2045
2037
2032
2026
2018
2009
1999
1992
1988
1971
1852
1836
1835
1838
1862
1871
1889
1899
1895
1892
1890
1888
1885
1879
1856
1828
1795
1760
1747
1727
1711
1695
1686
1673
1664
1662
1660
1656
1654
1656
1656
1660
1667
1679
1684
1688
1696
1703
1711
1721
1732
1740
1748
1750
1756
1762
1775
1783
1791
1813
1820
1827
1828
1829
1830
1840
1833
1825
1812
1785
1790
1822
1826
1854
1864
1876
1721
1697
1631
1617
1576
1558
1551
1558
1543
1515
1494
1487
1471
1461
1455
1440
1434
1421
1409
1399
1387
1381
1366
1360
1355
1352
1353
1359
1370
1375
1377
1375
1374
1372
1373
1374
1375
1375
1376
1380
1385
1389
1392
1396
1399
1401
1402
1402
1402
1404
1406
1410
1414
1417
1420
1423
1427
1431
1434
1438
1441
1445
1451
1454
1458
1461
1464
1468
1472
1477
1485
1491
1495
1501
1506
1509
1509
1508
1505
1503
1501
1499
1499
1499
1499
1499
1496
1495
1490
1485
1481
1478
1476
1474
1473
1473
1473
1473
1473
1472
1470
1468
1467
1465
1464
1463
1464
1465
1466
1466
1466
1467
1468
1471
1474
1479
1485
1490
1496
1501
1504
1507
1510
1512
1514
1518
1526
1534
1545
1558
1569
1577
1581
1584
1586
1588
1589
1590
1591
1593
1594
1595
1596
1597
1599
1602
1605
1608
1613
1619
1625
1629
1637
1642
1648
1659
1665
1673
1679
1687
1696
1704
1707
1712
1715
1717
1720
1724
1727
1730
1732
1733
1736
1737
1738
1739
1739
1740
1740
1741
1742
1742
1743
1745
1744
1745
1746
1748
1749
1752
1754
1756
1758
1761
1764
1767
1770
1772
1773
1774
1774
1774
1772
1769
1766
1762
1758
1753
1747
1741
1736
1728
1723
1717
1710
1705
1697
1689
1683
1677
1670
1661
1657
1650
1645
1641
1637
1633
1630
1627
1624
1622
1619
1617
1615
1614
1612
1610
1612
1613
1614
1616
1618
1621
1623
1624
1625
1626
1625
1626
1627
1628
1629
1630
1632
1633
1635
1636
1639
1642
1645
1648
1652
1656
1662
1665
1673
1679
1686
1690
1698
1701
1708
1714
1720
1725
1729
1733
1736
1738
1744
1742
1743
1742
1742
1740
1738
1737
1735
1733
1730
1728
1725
1722
1721
1718
1716
1715
1713
1712
1712
1711
1711
1710
1711
1711
1710
1710
1710
1710
1711
1712
1713
1714
1715
1717
1718
1720
1722
1723
1724
1726
1727
1729
1731
1734
1734
1736
1738
1739
1741
1742
1744
1745
1746
1747
1747
1748
1748
1747
1746
1744
1742
1740
1737
1734
1732
1729
1727
1726
1725
1725
1724
1724
1727
1726
1727
1729
1729
1734
1732
1733
1734
1734
1734
1734
1735
1734
1734
1733
1733
1733
1732
1731
1732
1733
1734
1734
1734
1734
1734
1738
1734
1734
1737
1733
1734
1734
1739
1739
1738
1740
1746
1744
1746
1748
1749
1753
1751
1752
1751
1752
1748
1748
1748
1749
1748
1748
1751
1748
1747
1748
1752
1749
1750
1752
1753
1755
1757
1759
1758
1760
1764
1764
1764
1761
1760
1757
1753
1753
1745
1739
1736
1727
1720
1712
1708
1702
1698
1694
1690
1688
1686
1683
1682
1680
1680
1680
1676
1677
1672
1675
1670
1670
1669
1668
1668
1664
1661
1661
1659
1657
1654
1652
1652
1653
1653
1649
1650
1649
1651
1651
1647
1649
1643
1642
1642
1640
1635
1632
1634
1634
1628
1628
1629
1635
1634
1636
1638
1635
1638
1642
1638
1643
1638
1637
1638
1634
1632
1629
1628
1624
1624
1624
1624
1626
1623
1623
1626
1624
1626
1628
1628
1625
1629
1630
1627
1631
1632
1634
1635
1637
1638
1636
1642
1639
1641
1646
1648
1650
1651
1652
1651
1658
1659
1662
1664
1667
1669
1670
1672
1676
1672
1678
1682
1684
1678
1678
1679
1679
1684
1683
1683
1681
1680
1678
1677
1679
1672
1678
1677
1679
1673
1680
1684
1683
1678
1686
1686
1688
1689
1689
1689
1691
1686
1694
1688
1690
1692
1697
1699
1694
1700
1696
1702
1704
1705
1708
1705
1708
1710
1712
1708
1709
1712
1716
1717
1718
1714
1715
1720
1721
1721
1723
1723
1724
1725
1726
1727
1724
1727
1729
1730
1730
1731
1733
1733
1734
1732
1737
1736
1734
1738
1736
1741
1742
1737
1741
1743
1741
1746
1747
1748
1745
1751
1748
1750
1755
1759
1761
1764
1759
1761
1762
1770
1764
1771
1770
1770
1770
1767
1767
1759
1765
1763
1761
1760
1759
1749
1755
1752
1749
1747
1745
1737
1736
1735
1730
1726
1721
1721
1714
1710
1706
1702
1698
1696
1690
1685
1682
1675
1674
1667
1670
1663
1661
1654
1655
1649
1650
1644
1645
1638
1638
1633
1633
1629
1626
1624
1622
1623
1621
1615
1619
1616
1614
1611
1611
1612
1616
1618
1614
1615
1623
1617
1618
1626
1619
1621
1620
1627
1620
1619
1619
1617
1616
1615
1620
1613
1618
1616
1610
1609
1612
1612
1612
1612
1611
1611
1611
1611
1607
1607
1609
1609
1611
1612
1614
1618
1616
1618
1619
1620
1629
1623
1631
1632
1626
1627
1628
1637
1639
1634
1633
1635
1644
1638
1640
1649
1644
1646
1648
1651
1654
1665
1663
1664
1667
1671
1674
1677
1680
1683
1684
1689
1692
1701
1695
1706
1707
1701
1702
1713
1706
1707
1718
1718
1719
1713
1715
1717
1719
1721
1731
1730
1732
1725
1727
1728
1737
1733
1739
1733
1734
1734
1737
1735
1746
1745
1744
1737
1735
1735
1734
1741
1740
1739
1732
1737
1735
1735
1727
1724
1723
1722
1727
1718
1719
1723
1720
1718
1717
1715
1712
1712
1704
1701
1698
1696
1693
1691
1689
1691
1682
1679
1676
1671
1674
1664
1661
1656
1659
1653
1650
1642
1638
1640
1639
1629
1627
1625
1623
1621
1620
1618
1617
1615
1615
1614
1620
1614
1620
1620
1616
1611
1610
1609
1613
1608
1612
1605
1605
1611
1602
1602
1601
1601
1600
1600
1600
1609
1601
1604
1605
1606
1606
1616
1619
1621
1622
1615
1617
