1975
1974
1971
1967
1987
1968
1934
1951
1918
1897
1849
1839
1812
1782
1768
1762
1754
1751
1747
1744
1740
1737
1734
1730
1727
1723
1720
1717
1713
1710
1706
1703
1699
1676
1671
1666
1661
1656
1651
1646
1642
1637
1636
1634
1633
1633
1633
1631
1630
1627
1625
1622
1619
1617
1614
1612
1609
1606
1604
1601
1588
1575
1570
1564
1559
1554
1548
1543
1538
1532
1527
1522
1516
1511
1506
1500
1495
1490
1484
1479
1475
1465
1458
1438
1438
1438
1438
1438
1440
1441
1444
1446
1450
1453
1455
1459
1463
1466
1470
1474
1478
1481
1485
1489
1492
1496
1500
1504
1507
1511
1515
1518
1522
1526
1529
1533
1537
1541
1544
1548
1551
1552
1554
1556
1558
1560
1562
1565
1568
1569
1570
1570
1570
1569
1568
1568
1567
1565
1562
1561
1557
1553
1548
1545
1541
1539
1538
1537
1538
1540
1541
1543
1545
1547
1548
1550
1550
1550
1549
1548
1546
1545
1542
1541
1540
1539
1537
1536
1534
1531
1528
1526
1523
1520
1518
1518
1518
1519
1519
1521
1523
1527
1531
1536
1542
1547
1552
1558
1563
1568
1574
1579
1584
1589
1595
1600
1605
1611
1616
1616
1614
1613
1610
1607
1604
1602
1599
1598
1598
1598
1598
1601
1604
1608
1616
1623
1630
1637
1643
1650
1657
1664
1671
1678
1685
1691
1698
1705
1712
1719
1726
1733
1740
1747
1754
1760
1792
1788
1797
1818
1854
1870
1881
1920
1958
1973
2001
2032
2065
2083
2115
2143
2180
2208
2231
2265
2284
2316
2345
2369
2392
2416
2447
2465
2504
2521
2536
2564
2573
2602
2616
2625
2642
2672
2674
2694
2716
2748
2758
2766
2781
2810
2821
2848
2860
2871
2895
2906
2919
2932
2941
2979
2985
3019
3035
3053
3060
3089
3088
3121
3133
3151
3164
3156
3159
3169
3173
3166
3168
3169
3171
3175
3179
3183
3187
3182
3176
3175
3174
3174
3173
3176
3166
3156
3157
3144
3137
3130
3123
3114
3105
3097
3088
3079
3071
3062
3062
3062
3062
3054
3046
3038
3031
3023
3015
3014
3010
3004
3002
2999
2997
2994
2993
2993
2994
2994
2995
2996
2997
2999
3002
3007
3010
3013
3015
3017
3017
3017
3015
3013
3010
3006
3003
2999
2996
2989
2984
2978
2976
2974
2967
2962
2956
2953
2948
2945
2941
2936
2933
2928
2923
2920
2915
2911
2908
2903
2899
2897
2895
2893
2891
2891
2890
2888
2886
2886
2876
2873
2870
2868
2865
2862
2859
2856
2854
2851
2848
2845
2842
2839
2837
2834
2831
2830
2829
2828
2828
2827
2826
2825
2824
2823
2822
2813
2812
2811
2811
2810
2809
2806
2804
2801
2798
2796
2793
2790
2788
2785
2782
2779
2777
2774
2771
2769
2766
2763
2761
2758
2757
2751
2745
2739
2734
2728
2717
2712
2707
2702
2705
2690
2687
2682
2679
2676
2674
2672
2671
2670
2668
2666
2665
2661
2650
2647
2643
2639
2635
2631
2627
2623
2619
2608
2598
2587
2576
2566
2555
2544
2534
2521
2508
2488
2485
2482
2470
2458
2446
2435
2423
2411
2399
2388
2377
2379
2382
2377
2368
2355
2329
2318
2308
2297
2283
2280
2278
2275
2261
2244
2244
2243
2234
2225
2216
2207
2202
2198
2193
2195
2185
2175
2174
2173
2172
2160
2157
2158
2158
2159
2159
2160
2160
2161
2161
2162
2169
2175
2181
2187
2193
2199
2206
2212
2218
2224
2230
2236
2234
2228
2232
2231
2230
2229
2228
2227
2226
2225
2221
2217
2213
2207
2220
2231
2245
2259
2270
2281
2291
2302
2313
2324
2335
2345
2356
2367
2378
2388
2399
2410
2421
2432
2442
2453
2464
2455
2468
2469
2429
2430
2430
2431
2432
2433
2434
2434
2435
2406
2383
2391
2395
2391
2387
2383
2379
2375
2371
2367
2363
2359
2355
2351
2364
2361
2357
2354
2351
2347
2344
2355
2353
2352
2350
2349
2347
2346
2344
2342
2341
2339
2338
2336
2334
2332
2330
2328
2327
2325
2323
2317
2317
2314
2311
2308
2320
2318
2315
2313
2310
2308
2305
2303
2300
2298
2295
2293
2290
2288
2285
2283
2280
2278
2275
2272
2269
2266
2263
2260
2258
2255
2252
2249
2246
2243
2240
2226
2213
2206
2199
2192
2185
2181
2176
2171
2180
2180
2174
2167
2161
2155
2148
2142
2140
2138
2144
2139
2134
2129
2124
2119
2114
2109
2104
2099
2094
2089
2084
2079
2074
2069
2064
2059
2054
2049
2044
2004
1972
1959
1945
1932
1918
1905
1889
1875
1890
1901
1909
1915
1917
1919
1921
1923
1924
1926
1928
1930
1932
1934
1930
1927
1927
1927
1927
1927
1927
1927
1918
1911
1903
1896
1891
1869
1867
1865
1862
1860
1858
1857
1857
1856
1854
1852
1851
1849
1843
1837
1831
1826
1821
1816
1811
1806
1801
1801
1809
1805
1802
1798
1796
1799
1814
1824
1835
1844
1852
1860
1869
1878
1886
1894
1903
1912
1920
1913
1918
1916
1914
1912
1915
1919
1922
1924
1921
1918
1916
1913
1910
1907
1904
1901
1864
1846
1812
1780
1786
1788
1790
1793
1795
1794
1793
1778
1763
1766
1770
1768
1766
1765
1763
1761
1759
1758
1756
1754
1752
1751
1749
1747
1747
1747
1747
1746
1746
1746
1746
1746
1746
1745
1745
1745
1745
1743
1743
1731
1729
1728
1726
1724
1722
1721
1719
1717
1716
1714
1712
1711
1709
1707
1706
1704
1702
1700
1699
1697
1696
1695
1694
1693
1692
1691
1690
1704
1704
1704
1704
1704
1704
1704
1704
1704
1704
1704
1704
1704
1704
1704
1704
1706
1689
1689
1693
1697
1701
1706
1706
1706
1706
1706
1705
1705
1705
1705
1705
1704
1704
1703
1702
1702
1701
1700
1700
1699
1708
1719
1728
1736
1743
1750
1758
1765
1772
1780
1787
1794
1801
1808
1816
1823
1824
1826
1828
1831
1838
1824
1825
1825
1826
1826
1827
1828
1828
1829
1846
1858
1868
1879
1889
1900
1910
1921
1931
1942
1952
1963
1973
1984
1995
2011
2030
2019
2019
2027
2035
2001
2017
2032
2048
2064
2079
2095
2120
2158
