1870
1862
1853
1843
1827
1842
1818
1817
1817
1817
1824
1818
1819
1821
1824
1828
1832
1836
1841
1846
1851
1856
1861
1866
1871
1876
1881
1886
1891
1896
1899
1901
1903
1904
1905
1906
1907
1908
1909
1909
1909
1908
1907
1905
1904
1902
1900
1898
1897
1895
1894
1894
1895
1898
1902
1905
1909
1912
1916
1919
1923
1926
1928
1930
1931
1931
1932
1932
1933
1932
1932
1932
1933
1933
1934
1935
1937
1938
1939
1941
1942
1942
1943
1943
1944
1945
1946
1947
1948
1948
1948
1947
1947
1945
1944
1944
1943
1942
1941
1940
1939
1938
1937
1936
1934
1933
1932
1931
1930
1928
1926
1924
1922
1919
1917
1915
1911
1909
1907
1904
1902
1899
1897
1898
1898
1891
1889
1887
1886
1884
1882
1880
1878
1877
1877
1877
1878
1879
1881
1882
1884
1885
1885
1885
1886
1886
1886
1886
1886
1886
1887
1887
1887
1886
1886
1887
1887
1889
1891
1892
1894
1898
1901
1905
1908
1912
1915
1919
1923
1926
1930
1933
1937
1940
1944
1948
1951
1955
1958
1962
1965
1969
1970
1971
1972
1973
1974
1973
1973
1973
1972
1971
1970
1969
1967
1965
1963
1962
1960
1958
1957
1956
1956
1956
1955
1954
1952
1949
1946
1942
1939
1934
1931
1926
1923
1919
1916
1913
1910
1909
1908
1908
1907
1907
1907
1907
1907
1908
1908
1908
1908
1909
1909
1909
1909
1910
1910
1910
1910
1911
1911
1911
1911
1912
1912
1912
1912
1913
1913
1913
1911
1909
1908
1907
1906
1905
1904
1904
1903
1903
1903
1903
1903
1903
1903
1903
1904
1904
1904
1904
1904
1904
1904
1904
1905
1905
1905
1905
1905
1905
1905
1904
1904
1904
1904
1904
1903
1903
1902
1901
1901
1900
1900
1899
1899
1898
1898
1897
1897
1896
1895
1894
1893
1893
1893
1893
1893
1894
1894
1894
1895
1895
1895
1895
1895
1895
1895
1895
1895
1895
1895
1894
1894
1894
1894
1894
1893
1893
1893
1895
1897
1900
1902
1906
1910
1913
1919
1925
1930
1937
1943
1950
1958
1965
1972
1980
1987
1994
2001
2009
2016
2023
2031
2038
2045
2053
2060
2067
2074
2082
2089
2096
2104
2111
2125
2115
2125
2111
2109
2105
2112
2096
2091
2083
2077
2071
2065
2061
2043
2032
2021
2011
2004
2005
2000
1991
1983
1969
1958
1952
1955
1939
1934
1930
1927
1924
1921
1924
1915
1913
1908
1905
1903
1901
1899
1898
1897
1897
1898
1898
1899
1901
1902
1904
1906
1907
1908
1909
1910
1911
1912
1912
1911
1910
1910
1909
1905
1903
1901
1900
1900
1895
1893
1891
1887
1883
1880
1876
1872
1869
1866
1862
1858
1854
1851
1848
1845
1840
1836
1833
1830
1826
1823
1821
1819
1819
1819
1821
1823
1832
1836
1841
1845
1850
1854
1858
1863
1867
1872
1876
1880
1885
1889
1894
1898
1902
1907
1911
1916
1920
1924
1929
1933
1938
1942
1946
1951
1955
1960
1964
1967
1954
1949
1941
1934
1926
1921
1915
1909
1904
1899
1892
1884
1877
1870
1868
1866
1862
1843
1835
1838
1822
1817
1816
1814
1813
1814
1814
1814
1815
1816
1818
1821
1824
1827
1830
1836
1838
1840
1843
1845
1847
1849
1851
1854
1856
1858
1860
1862
1865
1867
1869
1868
1866
1864
1862
1860
1860
1857
1856
1854
1852
1851
1849
1848
1846
1844
1840
1836
1831
1828
1824
1823
1822
1823
1823
1824
1826
1827
1831
1840
1849
1855
1862
1868
1875
1881
1887
1894
1900
1906
1913
1919
1926
1932
1938
1945
1951
1957
1964
1970
1977
1983
1983
1982
1981
1980
1979
1978
1977
1976
1974
1972
1967
1965
1961
1957
1954
1950
1946
1943
1939
1935
1932
1928
1924
1921
1919
1917
1916
1915
1915
1916
1916
1917
1919
1920
1922
1924
1925
1925
1923
1921
1918
1914
1913
1912
1911
1902
1888
1882
1876
1871
1865
1859
1854
1852
1851
1850
1851
1852
1855
1858
1860
1864
1868
1872
1877
1881
1886
1891
1895
1900
1905
1909
1914
1919
1923
1928
1933
1937
1942
1947
1951
1956
1961
1965
1970
1973
1976
1980
1983
1988
1993
1997
2002
2006
2010
2015
2019
2023
2028
2032
2031
2029
2024
2022
2019
2013
2008
2005
2003
2001
2000
1998
1996
1995
1994
1991
1988
1984
1981
1978
1975
1972
1969
1965
1962
1959
1954
1949
1946
1941
1939
1936
1933
1930
1928
1926
1923
1921
1919
1918
1917
1915
1913
1912
1911
1909
1908
1905
1902
1899
1896
1893
1889
1885
1882
1880
1877
1876
1877
1879
1883
1890
1895
1900
1905
1910
1915
1919
1924
1929
1934
1939
1944
1949
1954
1959
1964
1969
1973
1978
1983
1988
1993
1998
2003
2008
2013
2018
2023
2027
2032
2037
2042
2047
2052
2057
2062
2067
2072
2077
2081
2086
2091
2096
2101
2106
2105
2098
2106
2090
2086
2085
2081
2078
2075
2072
2068
2065
2061
2056
2052
2048
2043
2040
2036
2033
2030
2027
2025
2022
2020
2018
2017
2017
2016
2015
2013
2011
2009
2007
2005
2003
1998
1994
1991
1988
1984
1980
1976
1971
1972
1960
1955
1950
1944
1938
1932
1927
1926
1909
1907
1898
1893
1887
1888
1874
1870
1874
1863
1864
1866
1868
1870
1871
1870
1870
1869
1868
1867
1866
1865
1866
1862
1860
1858
1855
1854
1852
1853
1853
1857
1860
1864
1867
1871
1875
1878
1882
1885
1889
1892
1896
1900
1903
1907
1910
1914
1914
1914
1914
1912
1908
1905
1900
1896
1893
1891
1887
1884
1880
1873
1871
1868
1867
1864
1862
1861
1860
1858
1857
1856
1856
1857
1855
1853
1853
1852
1853
1852
1852
1853
1856
1854
1854
1858
1856
1858
1858
1859
1862
1867
1873
1878
1883
1889
1894
1899
1905
1910
1915
1921
1926
1931
1936
1942
1947
1952
1958
1963
1968
1974
1979
1984
1990
1995
2000
2006
2011
2010
2012
2007
2004
2005
1993
1986
1980
1972
1965
1962
1954
1946
1940
1936
1931
1928
1922
1919
1917
1917
1916
1916
1917
1918
1916
1915
1914
1912
